17
45
47
57
62
67
83
85
92
101
137
145
150
172
184
185
210
214
232
240
249
266
270
286
328
330
337
346
348
350
353
372
373
377
390
391
416
423
424
427
429
452
466
474
488
501
519
525
528
539
548
549
550
553
561
564
590
594
597
605
606
611
626
630
634
637
654
660
671
673
679
680
686
688
691
701
703
713
717
719
721
740
757
763
766
770
777
778
779
784
785
791
792
793
795
800
807
818
821
822
828
846
871
879
899
913
920
921
935
938
942
955
956
958
965
969
976
979
983
985
987
993
1002
1011
1013
1017
1027
1029
1030
1032
1033
1039
1056
1059
1068
1077
1080
1081
1098
1099
1103
1118
1128
1129
1136
1144
1189
1199
1202
1217
1218
1230
1242
1243
1251
1264
1266
1275
1279
1287
1293
1299
1300
1309
1314
1360
1361
1373
1379
1383
1394
1397
1401
1406
1418
1420
1427
1433
1435
1436
1437
1445
1447
1451
1453
1459
1465
1478
1485
1487
1533
1539
1545
1551
1552
1565
1578
1591
1602
1621
1622
1625
1628
1645
1662
1664
1671
1680
1692
1709
1723
1747
1774
1782
1784
1788
1802
1807
1808
1809
1811
1819
1842
1844
1846
1860
1916
1917
1928
1949
1966
1986
1995
1996
2000
2005
2017
2018
2020
2022
2023
2036
2043
2059
2061
2067
2074
2084
2086
2096
2105
2120
2129
2140
2147
2152
2153
2168
2189
2195
2217
2219
2220
2236
2241
2242
2248
2254
2259
2263
2266
2278
2300
2310
2324
2325
2328
2334
2347
2351
2355
2358
2366
2384
2387
2440
2442
2447
2449
2450
2455
2464
2470
2494
2498
2505
2511
2527
2534
2550
2558
2559
2561
2583
2588
2612
2628
2629
2631
2638
2648
2660
2662
2674
2675
2684
2710
2736
2744
2756
2762
2773
2776
2779
2785
2798
2816
2835
2841
2843
2860
2875
2883
2892
2897
2903
2908
2911
2916
2952
2969
2974
2982
2985
2988
2990
2993
2996
2998
3000
3004
3011
3013
3023
3029
3051
3069
3070
3075
3086
3093
3095
3106
3107
3118
3133
3136
3137
3141
3146
3168
3170
3190
3212
3217
3219
3225
3241
3289
3299
3300
3304
3306
3307
3314
3316
3318
3336
3338
3344
3353
3373
3380
3382
3387
3389
3393
3401
3403
3416
3430
3444
3445
3465
3469
3481
3495
3499
3506
3510
3521
3528
3530
3546
3557
3558
3566
3573
3592
3600
3601
3609
3621
3623
3631
3639
3642
3644
3655
3657
3659
3666
3667
3668
3683
3688
3693
3699
3710
3711
3721
3725
3726
3727
3732
3741
3753
3758
3765
3795
3802
3808
3812
3826
3831
3832
3835
3839
3845
3848
3857
3861
3877
3882
3892
3900
3911
3912
3919
3923
3946
3950
3952
3956
3973
3977
3984
3986
3993
3995
3999
4008
4016
4023
4035
4044
4048
4057
4058
4062
4076
4084
4089
4091
4093
4103
4106
4114
4119
4136
4143
4145
4146
4161
4164
4171
4172
4181
4196
4207
4216
4227
4231
4232
4242
4247
4248
4251
4254
4262
4268
4301
4305
4309
4312
4321
4329
4332
4342
4347
4368
4383
4388
4390
4398
4400
4401
4414
4426
4427
4431
4441
4449
4469
4473
4478
4486
4492
4495
4502
4509
4510
4516
4520
4524
4527
4550
4556
4558
4569
4584
4603
4606
4614
4632
4639
4643
4657
4664
4680
4685
4696
4698
4702
4711
4716
4718
4719
4727
4730
4752
4759
4767
4788
4791
4805
4813
4816
4818
4830
4838
4853
4857
4865
4882
4884
4885
4886
4890
4894
4896
4898
4907
4915
4943
4955
4956
4962
4963
4985
5011
5023
5033
5035
5053
5076
5081
5088
5090
5101
5103
5138
5148
5150
5151
5154
5159
5189
5247
5249
5279
5292
5298
5300
5313
5323
5329
5333
5341
5349
5361
5362
5373
5377
5383
5397
5406
5432
5434
5443
5449
5456
5468
5475
5482
5485
5489
5490
5505
5512
5514
5518
5519
5520
5537
5539
5545
5551
5566
5572
5586
5587
5594
5599
5601
5621
5624
5633
5638
5650
5656
5657
5662
5666
5667
5669
5674
5695
5704
5706
5720
5739
5760
5766
5783
5804
5810
5815
5825
5832
5837
5852
5853
5857
5858
5859
5866
5867
5871
5886
5889
5915
5922
5924
5926
5928
5935
5936
5940
5951
5956
5958
5969
5975
5981
5983
5988
5992
6038
6054
6073
6075
6088
6093
6097
6104
6108
6122
6136
6141
6142
6160
6164
6172
6196
6203
6206
6210
6220
6221
6222
6224
6230
6233
6234
6237
6239
6244
6250
6251
6255
6258
6271
6284
6289
6300
6317
6322
6327
6341
6348
6349
6350
6351
6372
6375
6384
6386
6388
6391
6394
6397
6410
6411
6419
6433
6446
6451
6454
6463
6478
6481
6482
6486
6487
6489
6491
6494
6500
6512
6516
6518
6519
6521
6523
6524
6525
6534
6538
6559
6582
6604
6628
6633
6635
6640
6641
6646
6652
6653
6663
6668
6697
6699
6702
6711
6731
6741
6742
6776
6789
6794
6807
6817
6818
6840
6851
6863
6877
6889
6897
6902
6904
6933
6942
6958
6972
6982
6984
6992
6994
6995
6996
7002
7003
7012
7013
7015
7024
7025
7027
7034
7035
7037
7041
7043
7048
7056
7059
7063
7066
7077
7089
7090
7098
7109
7111
7118
7128
7135
7136
7137
7158
7170
7177
7188
7192
7194
7243
7246
7249
7257
7265
7318
7324
7327
7330
7346
7350
7352
7368
7377
7394
7409
7417
7422
7423
7426
7428
7450
7465
7469
7478
7480
7489
7494
7525
7529
7535
7537
7538
7542
7562
7565
7567
7570
7575
7576
7603
7619
7620
7624
7629
7642
7651
7657
7676
7684
7693
7696
7700
7702
7724
7726
7732
7733
7734
7737
7742
7750
7752
7755
7757
7763
7768
7769
7777
7794
7804
7811
7813
7850
7854
7864
7868
7900
7903
7906
7918
7919
7921
7922
7929
7941
7958
7968
7975
7976
7982
7983
7986
7999
8005
8014
8024
8028
8040
8063
8068
8080
8081
8087
8104
8111
8127
8137
8159
8160
8166
8171
8178
8180
8198
8210
8211
8219
8222
8236
8250
8257
8265
8270
8282
8288
8301
8313
8315
8320
8322
8329
8330
8339
8351
8353
8358
8376
8384
8402
8409
8412
8415
8420
8425
8427
8441
8443
8445
8457
8479
8480
8482
8497
8522
8542
8558
8562
8566
8571
8572
8609
8610
8611
8613
8626
8632
8639
8658
8687
8690
8696
8711
8725
8726
8733
8750
8751
8754
8788
8793
8794
8797
8799
8810
8818
8828
8831
8842
8846
8860
8863
8865
8872
8873
8874
8883
8886
8888
8906
8913
8916
8945
8947
8951
8952
8957
8964
8973
8976
8985
8988
8996
9003
9008
9010
9012
9017
9020
9024
9045
9067
9073
9080
9083
9091
9115
9118
9139
9140
9146
9148
9151
9174
9185
9198
9208
9209
9210
9214
9219
9221
9228
9236
9249
9255
9278
9280
9303
9315
9322
9326
9355
9390
9394
9396
9405
9407
9416
9425
9431
9433
9434
9435
9442
9443
9456
9462
9468
9477
9478
9479
9481
9482
9490
9496
9508
9514
9519
9531
9550
9562
9567
9591
9592
9597
9609
9623
9625
9633
9657
9661
9665
9678
9697
9703
9710
9717
9722
9723
9726
9740
9749
9805
9806
9808
9815
9816
9820
9823
9828
9829
9848
9849
9852
9853
9855
9858
9866
9870
9872
9879
9885
9896
9904
9924
9939
9949
9992
9993
10001
10006
10012
10022
10027
10032
10033
10044
10045
10052
10064
10078
10079
10081
10082
10087
10104
10108
10115
10154
10162
10167
10181
10185
10193
10195
10198
10199
10204
10208
10235
10237
10244
10269
10274
10294
10295
10300
10308
10329
10339
10349
10352
10359
10369
10370
10374
10392
10399
10408
10429
10431
10448
10456
10462
10464
10474
10479
10480
10490
10501
10503
10507
10509
10510
10514
10524
10559
10576
10578
10586
10587
10596
10612
10613
10617
10637
10643
10644
10653
10660
10663
10667
10669
10670
10686
10689
10690
10700
10702
10728
10729
10736
10737
10741
10749
10773
10788
10793
10803
10805
10809
10812
10817
10823
10828
10840
10841
10848
10849
10857
10880
10887
10902
10941
10951
10957
10961
10968
10975
11001
11002
11006
11008
11027
11047
11049
11073
11078
11092
11096
11105
11114
11125
11142
11160
11165
11174
11194
11199
11209
11210
11217
11231
11247
11248
11258
11268
11273
11278
11279
11280
11281
11297
11307
11308
11328
11335
11363
11416
11426
11427
11450
11464
11475
11476
11477
11479
11483
11493
11501
11502
11524
11529
11539
11541
11547
11569
11572
11573
11577
11589
11590
11611
11613
11614
11616
11620
11626
11639
11640
11649
11669
11678
11680
11685
11686
11693
11695
11703
11722
11726
11727
11754
11759
11761
11766
11781
11793
11846
11855
11866
11880
11892
11932
11942
11943
11950
11966
11981
11984
11992
12018
12023
12033
12034
12065
12069
12085
12087
12108
12110
12115
12118
12119
12133
12135
12136
12139
12141
12142
12154
12156
12165
12179
12183
12184
12190
12191
12209
12221
12222
12228
12238
12242
12243
12250
12253
12269
12276
12282
12310
12317
12318
12321
12338
12347
12358
12359
12379
12385
12396
12400
12410
12421
12426
12434
12436
12444
12450
12457
12463
12480
12482
12486
12493
12496
12503
12505
12521
12524
12526
12529
12555
12575
12576
12584
12593
12611
12616
12618
12620
12641
12643
12646
12652
12658
12659
12666
12670
12683
12691
12702
12719
12720
12723
12727
12738
12746
12768
12786
12802
12807
12815
12818
12819
12826
12829
12832
12839
12859
12866
12868
12877
12889
12909
12933
12944
12956
12961
12962
12980
12996
12998
13002
13011
13015
13025
13035
13041
13051
13087
13112
13118
13144
13146
13148
13151
13155
13156
13159
13164
13166
13173
13179
13181
13187
13198
13212
13235
13255
13256
13263
13264
13265
13269
13273
13274
13282
13288
13291
13296
13299
13305
13316
13320
13322
13338
13349
13354
13361
13362
13364
13374
13379
13398
13404
13432
13434
13458
13463
13473
13481
13505
13517
13555
13602
13607
13608
13614
13615
13616
13623
13625
13628
13630
13634
13651
13655
13657
13688
13706
13707
13709
13713
13733
13734
13737
13738
13744
13747
13748
13754
13755
13762
13776
13794
13827
13848
13852
13866
13878
13880
13899
13934
13936
13941
13945
13953
13977
13988
13989
13999
14002
14013
14016
14029
14033
14043
14044
14050
14056
14057
14060
14081
14097
14112
14120
14121
14132
14141
14142
14160
14162
14163
14168
14170
14176
14196
14198
14218
14223
14224
14226
14227
14240
14251
14282
14285
14300
14301
14317
14328
14334
14341
14346
14352
14353
14359
14372
14375
14383
14385
14387
14402
14403
14439
14457
14464
14468
14472
14474
14479
14482
14505
14506
14509
14516
14523
14525
14528
14530
14537
14541
14549
14551
14555
14556
14559
14567
14606
14607
14609
14629
14631
14633
14636
14637
14649
14652
14655
14668
14680
14766
14768
14771
14776
14781
14787
14797
14799
14802
14803
14812
14814
14820
14838
14840
14844
14856
14858
14859
14860
14862
14877
14900
14904
14910
14911
14912
14914
14923
14940
14945
14946
14957
14958
14968
14975
14976
14980
15004
15006
15012
15023
15040
15046
15050
15054
15058
15060
15073
15086
15094
15111
15116
15123
15126
15130
15147
15163
15170
15182
15190
15197
15199
15210
15221
15226
15232
15262
15287
15290
15291
15292
15299
15302
15310
15313
15319
15324
15331
15360
15367
15370
15384
15392
15394
15398
15403
15405
15413
15417
15429
15460
15466
15467
15472
15474
15487
15488
15492
15497
15500
15501
15520
15521
15531
15533
15548
15553
15555
15557
15566
15581
15582
15590
15596
15621
15623
15625
15642
15645
15650
15655
15658
15663
15666
15671
15694
15704
15726
15727
15734
15763
15766
15775
15779
15785
15796
15798
15799
15810
15846
15852
15876
15878
15883
15891
15893
15898
15900
15910
15925
15954
15956
15957
15958
15985
16008
16010
16019
16033
16034
16035
16036
16043
16048
16054
16055
16065
16070
16095
16097
16122
16129
16131
16143
16152
16158
16176
16179
16182
16190
16197
16205
16209
16227
16231
16265
16292
16298
16335
16341
16343
16347
16363
16373
16376
16387
16388
16406
16412
16417
16418
16422
16423
16441
16442
16444
16459
16462
16464
16489
16502
16503
16506
16509
16513
16533
16535
16567
16568
16573
16580
16597
16605
16624
16633
16645
16652
16666
16670
16673
16675
16691
16705
16707
16726
16734
16751
16772
16776
16784
16791
16796
16804
16814
16817
16818
16822
16823
16825
16833
16840
16850
16866
16872
16876
16880
16883
16885
16887
16891
16917
16920
16933
16938
16946
16947
16949
16953
16964
16975
16976
16983
16984
17004
17007
17041
17046
17048
17060
17080
17081
17095
17108
17132
17135
17144
17181
17190
17195
17208
17233
17235
17242
17251
17252
17253
17258
17259
17265
17271
17276
17284
17285
17290
17292
17296
17299
17315
17317
17362
17372
17383
17393
17403
17410
17414
17430
17431
17437
17451
17454
17458
17469
17481
17482
17491
17521
17534
17535
17543
17545
17555
17562
17573
17579
17600
17611
17628
17643
17645
17647
17660
17669
17682
17696
17700
17713
17719
17726
17732
17735
17737
17739
17757
17771
17779
17781
17813
17819
17821
17839
17841
17844
17851
17855
17860
17909
17915
17921
17935
17944
17963
17969
17981
17986
17994
18004
18010
18015
18020
18031
18033
18050
18065
18068
18085
18086
18089
18092
18096
18124
18129
18142
18148
18158
18163
18180
18184
18190
18203
18204
18208
18211
18212
18229
18240
18243
18256
18260
18271
18274
18279
18280
18286
18302
18307
18312
18339
18372
18391
18397
18409
18413
18420
18422
18427
18437
18453
18471
18475
18476
18488
18493
18503
18512
18532
18533
18545
18579
18582
18585
18595
18596
18607
18628
18630
18631
18637
18646
18671
18672
18679
18686
18693
18694
18698
18701
18703
18750
18751
18757
18768
18780
18794
18815
18816
18837
18851
18859
18863
18878
18884
18885
18902
18921
18924
18928
18942
18945
18982
18984
18986
18994
19021
19025
19033
19050
19059
19077
19080
19101
19106
19145
19146
19155
19169
19175
19176
19178
19179
19180
19182
19212
19217
19223
19227
19229
19230
19244
19245
19301
19343
19348
19354
19356
19368
19377
19381
19382
19385
19386
19392
19419
19435
19438
19439
19441
19446
19452
19469
19484
19489
19490
19495
19498
19514
19522
19526
19528
19529
19544
19546
19561
19571
19573
19583
19596
19609
19635
19636
19643
19657
19666
19674
19687
19698
19699
19701
19717
19732
19733
19742
19746
19751
19757
19761
19774
19779
19786
19811
19812
19826
19828
19832
19834
19842
19850
19851
19864
19875
19887
19892
19894
19914
19915
19916
19923
19945
19952
19965
19971
19980
20002
20014
20016
20020
20023
20027
20038
20049
20056
20062
20080
20088
20116
20128
20130
20132
20143
20152
20162
20173
20176
20179
20185
20195
20203
20216
20226
20260
20277
20287
20303
20305
20312
20316
20332
20346
20365
20367
20368
20369
20375
20379
20383
20391
20401
20402
20407
20410
20412
20414
20415
20426
20431
20441
20444
20450
20471
20479
20485
20495
20505
20527
20536
20542
20543
20549
20554
20566
20571
20578
20586
20594
20599
20600
20601
20612
20640
20647
20665
20668
20670
20671
20685
20689
20690
20712
20714
20717
20730
20736
20737
20744
20747
20766
20770
20775
20779
20781
20782
20784
20788
20789
20793
20803
20812
20820
20831
20832
20835
20837
20840
20867
20893
20894
20896
20899
20934
20959
20967
20969
20981
20983
20992
21008
21014
21021
21025
21030
21036
21037
21040
21044
21048
21050
21059
21069
21075
21085
21095
21102
21107
21116
21125
21130
21144
21147
21148
21150
21158
21167
21172
21175
21191
21201
21206
21228
21235
21244
21247
21249
21250
21275
21282
21294
21305
21329
21341
21347
21365
21375
21377
21380
21384
21390
21391
21398
21399
21414
21417
21420
21421
21434
21439
21449
21454
21456
21463
21466
21467
21476
21481
21494
21497
21522
21543
21547
21577
21600
21633
21637
21681
21682
21684
21701
21711
21719
21727
21734
21755
21758
21768
21772
21783
21788
21790
21796
21815
21817
21818
21827
21856
21879
21880
21894
21910
21915
21917
21922
21936
21956
21962
21970
21971
21983
21995
22005
22017
22018
22022
22033
22051
22052
22056
22063
22084
22100
22102
22110
22126
22128
22131
22137
22143
22145
22149
22174
22192
22195
22199
22203
22208
22216
22226
22276
22278
22291
22303
22313
22332
22333
22346
22350
22357
22364
22380
22384
22391
22400
22408
22418
22439
22440
22442
22461
22468
22524
22525
22527
22532
22553
22571
22581
22592
22605
22619
22624
22628
22634
22643
22648
22649
22666
22689
22693
22695
22706
22710
22724
22736
22749
22753
22754
22756
22762
22777
22782
22783
22796
22806
22807
22818
22830
22846
22860
22882
22889
22907
22931
22933
22942
22943
22947
22957
22965
22977
22984
22999
23013
23015
23019
23057
23067
23071
23082
23091
23094
23110
23116
23122
23123
23127
23128
23141
23142
23149
23161
23162
23169
23171
23173
23197
23203
23213
23214
23216
23219
23223
23228
23230
23241
23253
23258
23262
23286
23287
23293
23295
23300
23302
23315
23322
23329
23355
23364
23365
23404
23421
23423
23424
23427
23435
23442
23443
23455
23457
23471
23479
23482
23488
23499
23501
23507
23523
23524
23529
23535
23565
23583
23587
23598
23603
23608
23621
23657
23672
23682
23693
23694
23698
23710
23728
23730
23739
23746
23747
23753
23755
23766
23775
23783
23800
23804
23805
23806
23817
23818
23819
23820
23830
23831
23832
23833
23835
23838
23845
23859
23868
23871
23873
23878
23882
23904
23922
23945
23951
23952
23956
23957
23959
23971
23975
23976
23989
24008
24010
24031
24032
24043
24048
24063
24072
24077
24079
24100
24106
24121
24147
24148
24156
24168
24169
24182
24195
24197
24201
24206
24220
24221
24227
24252
24257
24265
24266
24272
24274
24284
24285
24286
24291
24301
24308
24309
24317
24319
24325
24326
24345
24352
24373
24376
24380
24402
24403
24421
24433
24450
24456
24458
24465
24477
24483
24488
24503
24507
24511
24526
24533
24534
24535
24541
24560
24594
24608
24611
24612
24616
24619
24627
24630
24636
24658
24680
24690
24704
24715
24716
24723
24731
24742
24754
24764
24773
24782
24787
24794
24795
24796
24802
24817
24821
24833
24836
24849
24861
24862
24864
24868
24904
24907
24913
24940
24951
24952
24961
24968
24996
25011
25017
25029
25032
25049
25053
25073
25083
25097
25098
25104
25127
25129
25141
25154
25167
25179
25210
25218
25219
25240
25248
25254
25264
25316
25326
25337
25343
25351
25357
25375
25376
25386
25387
25388
25395
25397
25404
25414
25424
25428
25439
25457
25460
25467
25469
25473
25481
25487
25491
25495
25497
25510
25518
25522
25524
25555
25569
25574
25588
25594
25596
25599
25603
25604
25611
25620
25634
25652
25654
25662
25667
25674
25677
25692
25703
25706
25707
25710
25712
25721
25724
25727
25731
25732
25758
25760
25778
25786
25792
25796
25804
25844
25860
25870
25874
25881
25886
25907
25911
25920
25938
25940
25946
25950
25951
25961
25962
25963
25993
26003
26007
26012
26043
26050
26051
26065
26088
26089
26095
26121
26135
26138
26147
26154
26155
26161
26167
26169
26179
26183
26190
26196
26202
26203
26208
26219
26223
26238
26239
26264
26283
26291
26303
26315
26318
26339
26342
26349
26361
26362
26372
26375
26385
26386
26388
26393
26414
26420
26430
26436
26440
26452
26457
26468
26469
26471
26480
26495
26507
26510
26516
26521
26526
26533
26534
26536
26540
26541
26552
26557
26570
26573
26576
26587
26589
26593
26594
26598
26612
26628
26631
26634
26662
26684
26693
26702
26711
26722
26730
26731
26747
26754
26755
26764
26775
26785
26786
26788
26800
26809
26825
26829
26834
26836
26852
26861
26862
26871
26908
26922
26925
26935
26937
26944
26953
26959
26963
26970
26977
26981
26983
26985
26988
26989
26994
27007
27009
27016
27018
27022
27031
27053
27059
27064
27110
27112
27117
27123
27136
27141
27145
27149
27152
27164
27174
27175
27176
27177
27178
27187
27189
27193
27195
27197
27200
27207
27213
27216
27217
27234
27235
27239
27242
27259
27263
27271
27290
27305
27318
27357
27372
27383
27394
27399
27404
27419
27435
27440
27445
27465
27472
27482
27484
27497
27506
27507
27512
27516
27525
27543
27549
27553
27557
27564
27569
27576
27581
27583
27598
27616
27617
27621
27625
27638
27647
27649
27652
27664
27696
27699
27702
27708
27709
27734
27750
27753
27758
27761
27770
27771
27783
27784
27797
27804
27810
27819
27824
27830
27853
27875
27879
27888
27890
27891
27897
27902
27909
27911
27920
27921
27945
27952
27954
27964
27969
27976
27982
27987
27996
27997
28016
28021
28028
28029
28030
28046
28048
28056
28058
28066
28070
28090
28104
28122
28131
28134
28138
28146
28150
28155
28167
28183
28185
28197
28216
28220
28225
28229
28242
28246
28258
28261
28263
28268
28269
28274
28280
28281
28323
28339
28348
28350
28351
28368
28375
28399
28402
28404
28417
28431
28440
28456
28472
28473
28482
28520
28523
28530
28533
28537
28543
28551
28557
28586
28587
28596
28598
28604
28618
28628
28635
28637
28641
28655
28658
28665
28672
28707
28719
28724
28755
28759
28785
28787
28791
28809
28820
28822
28824
28843
28848
28870
28880
28888
28930
28934
28939
28940
28942
28948
28949
28950
28968
28973
28976
28980
28992
29004
29021
29026
29037
29038
29047
29051
29062
29073
29076
29077
29107
29109
29119
29127
29131
29132
29136
29140
29146
29155
29162
29163
29176
29198
29200
29226
29229
29230
29249
29256
29272
29295
29310
29311
29329
29338
29340
29343
29345
29348
29372
29382
29388
29392
29393
29401
29411
29414
29424
29428
29435
29438
29447
29455
29465
29468
29470
29485
29489
29507
29520
29524
29535
29570
29573
29577
29580
29581
29583
29587
29599
29604
29612
29622
29626
29643
29647
29648
29654
29658
29677
29685
29704
29710
29711
29720
29732
29746
29749
29756
29759
29776
29780
29785
29791
29796
29814
29818
29822
29834
29846
29861
29870
29884
29885
29886
29890
29896
29902
29903
29907
29915
29921
29923
29938
29940
29947
29982
29986
30002
30007
30011
30015
30025
30027
30028
30031
30033
30057
30082
30085
30108
30111
30115
30121
30126
30149
30161
30174
30198
30200
30202
30215
30233
30261
30265
30266
30292
30302
30303
30315
30325
30332
30337
30339
30354
30360
30366
30378
30390
30397
30425
30427
30435
30441
30445
30452
30458
30476
30477
30487
30491
30512
30518
30525
30541
30545
30553
30564
30565
30567
30569
30571
30579
30581
30585
30592
30597
30601
30603
30605
30606
30614
30631
30643
30652
30653
30656
30677
30685
30698
30711
30713
30728
30740
30760
30763
30768
30772
30786
30802
30809
30816
30817
30820
30822
30831
30839
30847
30854
30876
30878
30879
30881
30899
30914
30915
30917
30967
30988
30995
30999
31002
31016
31024
31025
31032
31034
31040
31079
31084
31094
31135
31161
31162
31174
31181
31186
31187
31188
31194
31205
31210
31222
31225
31230
31240
31243
31246
31251
31258
31267
31275
31285
31314
31336
31337
31343
31345
31370
31375
31380
31398
31407
31410
31413
31418
31424
31461
31471
31480
31496
31498
31502
31538
31541
31551
31557
31568
31570
31575
31586
31591
31599
31604
31606
31621
31623
31651
31654
31655
31658
31661
31662
31668
31673
31675
31681
31698
31711
31716
31731
31757
31760
31767
31770
31789
31796
31812
31815
31827
31838
31845
31849
31919
31924
31930
31938
31958
31982
31991
31993
31994
32002
32012
32026
32032
32033
32036
32044
32048
32051
32067
32070
32074
32085
32088
32089
32091
32094
32096
32098
32104
32119
32121
32130
32137
32157
32164
32166
32171
32173
32186
32191
32192
32201
32207
32211
32216
32223
32234
32267
32269
32276
32295
32328
32338
32343
32356
32370
32377
32388
32401
32406
32420
32425
32444
32455
32470
32473
32475
32482
32493
32518
32521
32524
32526
32528
32538
32541
32554
32557
32569
32576
32602
32604
32618
32642
32643
32648
32650
32659
32661
32674
32689
32705
32708
32710
32713
32718
32737
32745
32749
32753
32764
32770
32772
32793
32813
32823
32834
32841
32872
32883
32884
32899
32905
32912
32916
32917
32927
32931
32953
32959
32961
32970
32975
32978
32992
33003
33007
33010
33012
33029
33041
33070
33080
33081
33088
33093
33100
33102
33105
33112
33119
33121
33131
33142
33151
33153
33157
33158
33159
33162
33169
33178
33201
33208
33214
33232
33238
33242
33262
33267
33272
33284
33294
33299
33313
33318
33324
33326
33341
33342
33345
33346
33352
33354
33359
33366
33377
33389
33390
33393
33416
33417
33418
33430
33431
33435
33443
33453
33468
33479
33482
33505
33506
33534
33541
33548
33582
33584
33593
33596
33602
33609
33615
33617
33628
33634
33648
33651
33663
33671
33673
33676
33692
33722
33723
33729
33731
33738
33759
33762
33766
33771
33773
33776
33797
33814
33819
33835
33836
33845
33860
33878
33901
33906
33913
33914
33926
33929
33938
33950
33961
34010
34028
34031
34033
34044
34054
34064
34076
34081
34088
34106
34110
34111
34114
34117
34126
34135
34140
34144
34156
34172
34198
34203
34204
34207
34214
34234
34235
34237
34242
34253
34256
34265
34313
34344
34358
34366
34367
34382
34394
34396
34398
34399
34418
34426
34430
34432
34437
34469
34471
34472
34478
34513
34516
34527
34530
34548
34549
34552
34566
34571
34588
34595
34597
34598
34600
34634
34638
34645
34651
34655
34660
34674
34680
34681
34684
34705
34718
34719
34720
34727
34731
34733
34742
34765
34768
34771
34781
34786
34804
34819
34823
34835
34840
34857
34858
34860
34864
34876
34881
34901
34913
34918
34929
34932
34937
34941
34951
34957
34967
34979
34980
34982
34996
35002
35020
35044
35056
35059
35079
35107
35120
35122
35128
35129
35131
35137
35141
35152
35173
35177
35179
35188
35195
35202
35215
35216
35222
35226
35253
35259
35263
35276
35293
35297
35300
35305
35306
35315
35330
35346
35352
35357
35362
35389
35412
35414
35416
35419
35423
35427
35440
35445
35462
35484
35494
35502
35505
35524
35529
35534
35540
35552
35558
35561
35584
35608
35616
35632
35640
35645
35652
35654
35671
35679
35690
35730
35734
35750
35758
35767
35783
35801
35806
35811
35819
35835
35837
35842
35857
35860
35869
35874
35876
35878
35889
35893
35921
35931
35955
35962
35971
36016
36022
36042
36064
36069
36071
36083
36094
36108
36115
36117
36118
36126
36127
36133
36135
36144
36148
36149
36158
36159
36176
36224
36229
36230
36243
36260
36265
36268
36271
36274
36275
36277
36282
36286
36287
36316
36317
36327
36330
36337
36339
36342
36350
36353
36361
36368
36386
36391
36393
36401
36404
36415
36424
36428
36436
36457
36459
36469
36475
36480
36481
36493
36494
36516
36532
36533
36555
36559
36565
36567
36589
36596
36597
36604
36613
36618
36625
36637
36639
36650
36659
36660
36666
36683
36688
36694
36696
36701
36705
36717
36721
36728
36735
36762
36763
36764
36771
36778
36780
36785
36791
36794
36815
36831
36840
36849
36856
36874
36897
36902
36913
36914
36918
36928
36929
36937
36964
36965
36973
36984
36987
36991
36992
36995
36999
37013
37014
37031
37035
37037
37045
37051
37059
37067
37071
37078
37097
37100
37109
37110
37117
37120
37121
37126
37129
37131
37133
37138
37142
37148
37149
37162
37165
37181
37194
37195
37199
37201
37222
37229
37235
37238
37239
37252
37259
37262
37265
37268
37273
37281
37284
37311
37317
37329
37338
37344
37345
37347
37348
37353
37368
37379
37382
37386
37402
37428
37435
37452
37467
37472
37502
37507
37513
37517
37545
37558
37559
37586
37593
37596
37607
37612
37614
37629
37631
37633
37646
37648
37651
37652
37654
37669
37681
37687
37694
37706
37714
37715
37716
37725
37728
37738
37745
37746
37748
37769
37771
37778
37781
37784
37791
37798
37810
37814
37824
37826
37837
37843
37845
37863
37868
37886
37891
37914
37945
37950
37959
37974
37996
38009
38011
38032
38036
38040
38041
38046
38078
38084
38089
38091
38092
38099
38102
38105
38110
38115
38119
38120
38121
38128
38132
38138
38152
38153
38155
38157
38163
38168
38184
38187
38201
38220
38227
38236
38238
38241
38245
38260
38276
38279
38295
38298
38299
38302
38306
38315
38327
38337
38346
38355
38365
38369
38371
38376
38388
38399
38403
38426
38453
38470
38507
38508
38522
38525
38529
38595
38598
38605
38626
38628
38629
38631
38635
38647
38659
38663
38671
38674
38689
38690
38692
38701
38705
38721
38741
38745
38747
38752
38771
38789
38790
38793
38795
38803
38816
38825
38830
38861
38874
38880
38887
38898
38902
38919
38921
38947
38973
38983
38988
38992
38995
39011
39023
39036
39053
39059
39061
39089
39096
39120
39130
39139
39161
39180
39184
39187
39195
39196
39223
39236
39240
39242
39255
39276
39281
39283
39285
39289
39303
39305
39314
39316
39319
39323
39325
39330
39331
39344
39348
39349
39364
39366
39383
39429
39434
39449
39454
39456
39470
39484
39488
39497
39510
39517
39526
39535
39547
39568
39586
39619
39622
39632
39636
39638
39643
39653
39656
39664
39666
39695
39696
39719
39753
39762
39764
39772
39775
39776
39792
39799
39811
39812
39817
39821
39837
39843
39850
39865
39867
39872
39889
39891
39901
39924
39935
39943
39950
39967
39968
39970
39974
39976
39981
39989
40013
40015
40016
40022
40024
40029
40034
40040
40042
40055
40068
40070
40072
40087
40097
40104
40105
40120
40123
40140
40141
40151
40156
40164
40167
40169
40174
40178
40186
40189
40196
40224
40232
40235
40236
40237
40238
40239
40258
40272
40276
40277
40290
40294
40295
40305
40306
40314
40332
40335
40356
40358
40369
40386
40391
40393
40400
40401
40403
40409
40413
40446
40447
40481
40490
40500
40510
40511
40512
40526
40537
40546
40551
40558
40576
40586
40596
40610
40620
40634
40641
40644
40677
40685
40702
40710
40715
40719
40723
40751
40762
40766
40771
40773
40787
40791
40800
40801
40813
40835
40843
40852
40859
40862
40875
40893
40898
40918
40932
40945
40969
40984
41004
41008
41018
41025
41028
41038
41045
41071
41100
41134
41140
41143
41145
41147
41153
41156
41161
41162
41165
41173
41174
41185
41188
41190
41191
41196
41200
41203
41208
41210
41241
41242
41257
41266
41282
41291
41298
41317
41349
41380
41388
41391
41393
41396
41397
41401
41405
41435
41439
41479
41483
41487
41488
41497
41502
41509
41520
41540
41542
41547
41573
41580
41627
41630
41634
41646
41662
41668
41675
41698
41703
41715
41722
41735
41737
41741
41744
41750
41781
41782
41785
41833
41840
41844
41846
41848
41855
41885
41893
41896
41904
41915
41922
41933
41945
41946
41949
41955
41971
41980
41995
41996
41998
42001
42008
42017
42019
42020
42023
42024
42039
42041
42058
42062
42066
42069
42073
42079
42080
42081
42098
42105
42109
42112
42113
42114
42124
42131
42137
42138
42158
42166
42172
42177
42185
42207
42220
42235
42236
42257
42273
42278
42289
42303
42320
42323
42344
42345
42351
42356
42360
42363
42366
42374
42378
42395
42410
42419
42421
42433
42442
42465
42471
42476
42484
42493
42499
42500
42512
42513
42518
42538
42541
42545
42562
42571
42578
42579
42583
42608
42632
42636
42643
42647
42662
42663
42672
42673
42675
42677
42686
42705
42706
42727
42742
42743
42744
42745
42756
42757
42758
42769
42775
42785
42786
42792
42843
42848
42862
42866
42886
42887
42892
42903
42908
42912
42914
42916
42922
42926
42937
42942
42945
42954
42958
42964
42967
42977
42981
42984
42985
43023
43026
43033
43038
43045
43057
43061
43070
43074
43076
43077
43091
43092
43093
43100
43105
43115
43123
43139
43152
43154
43172
43178
43180
43184
43186
43233
43282
43297
43300
43307
43326
43328
43341
43346
43358
43374
43380
43381
43391
43430
43431
43433
43437
43447
43473
43481
43487
43494
43498
43499
43512
43516
43519
43528
43529
43531
43549
43552
43554
43573
43574
43579
43582
43590
43600
43602
43611
43618
43634
43643
43646
43649
43665
43683
43687
43694
43703
43714
43717
43723
43734
43742
43749
43764
43789
43793
43806
43807
43809
43815
43816
43827
43829
43834
43870
43874
43897
43898
43899
43908
43911
43915
43929
43930
43943
43945
43947
43949
43971
43979
43983
43993
44003
44004
44014
44022
44033
44039
44051
44053
44068
44069
44143
44145
44146
44189
44192
44201
44203
44208
44211
44212
44221
44223
44234
44239
44247
44250
44273
44288
44289
44292
44294
44300
44307
44311
44312
44321
44327
44334
44353
44363
44365
44391
44393
44398
44411
44435
44445
44448
44451
44456
44464
44470
44477
44478
44479
44484
44492
44505
44519
44527
44544
44546
44556
44557
44566
44572
44578
44585
44594
44601
44624
44630
44641
44645
44646
44663
44664
44669
44683
44692
44696
44734
44742
44750
44752
44764
44767
44774
44775
44776
44778
44780
44781
44789
44791
44803
44824
44830
44834
44841
44855
44858
44883
44889
44911
44926
44932
44934
44938
44952
44955
44959
44961
44974
44984
45004
45014
45015
45016
45037
45039
45049
45052
45053
45057
45062
45063
45067
45070
45088
45093
45108
45113
45125
45127
45131
45139
45140
45168
45172
45182
45191
45192
45194
45198
45199
45202
45216
45219
45229
45240
45258
45269
45284
45294
45310
45319
45320
45327
45348
45354
45358
45364
45369
45387
45396
45417
45422
45428
45460
45487
45495
45504
45507
45508
45510
45534
45539
45540
45547
45548
45562
45563
45565
45572
45576
45579
45585
45601
45602
45616
45627
45634
45664
45670
45674
45699
45700
45705
45709
45715
45717
45720
45723
45746
45762
45763
45764
45767
45793
45819
45845
45865
45879
45897
45904
45910
45914
45916
45925
45926
45929
45931
45936
45941
45943
45948
45966
45994
45998
45999
46001
46004
46005
46010
46026
46034
46048
46049
46053
46063
46078
46082
46088
46090
46095
46098
46141
46144
46152
46172
46180
46189
46192
46202
46223
46234
46238
46260
46263
46268
46276
46277
46284
46286
46287
46291
46300
46324
46337
46348
46366
46367
46377
46403
46409
46420
46422
46430
46434
46437
46443
46450
46453
46457
46458
46466
46472
46477
46481
46483
46487
46493
46497
46504
46507
46508
46510
46516
46521
46525
46527
46554
46555
46559
46569
46571
46582
46592
46610
46618
46634
46654
46660
46669
46673
46674
46675
46686
46703
46707
46716
46725
46735
46743
46759
46761
46765
46771
46773
46776
46779
46790
46795
46804
46855
46880
46898
46909
46916
46920
46935
46960
46976
47000
47010
47017
47025
47031
47042
47045
47052
47053
47060
47064
47067
47069
47070
47073
47076
47077
47089
47090
47091
47094
47105
47108
47125
47154
47161
47168
47175
47177
47182
47189
47190
47200
47203
47211
47213
47226
47227
47230
47242
47256
47257
47265
47266
47276
47279
47293
47300
47303
47307
47308
47309
47323
47329
47330
47333
47338
47343
47358
47361
47363
47373
47380
47382
47383
47393
47405
47424
47425
47447
47457
47459
47460
47462
47469
47485
47489
47496
47497
47500
47504
47514
47517
47521
47530
47532
47546
47550
47561
47562
47565
47586
47587
47600
47601
47609
47618
47626
47630
47634
47635
47652
47665
47699
47711
47713
47714
47728
47746
47759
47767
47768
47786
47791
47795
47800
47804
47825
47830
47860
47861
47870
47874
47884
47898
47903
47907
47909
47910
47918
47928
47929
47955
47956
47976
47978
47996
48014
48028
48033
48035
48042
48043
48044
48048
48085
48086
48094
48095
48106
48116
48138
48139
48143
48160
48171
48177
48187
48188
48194
48202
48212
48241
48244
48248
48281
48291
48293
48328
48335
48343
48345
48360
48365
48371
48372
48383
48406
48408
48423
48431
48441
48448
48454
48471
48483
48492
48493
48499
48500
48502
48518
48533
48534
48578
48591
48602
48620
48633
48641
48647
48675
48677
48696
48708
48709
48715
48725
48729
48734
48735
48736
48743
48762
48769
48772
48785
48789
48797
48809
48826
48827
48834
48852
48854
48856
48861
48870
48897
48914
48932
48935
48938
48948
48955
48993
49005
49019
49030
49039
49046
49050
49069
49077
49079
49082
49087
49105
49121
49135
49143
49146
49156
49159
49161
49171
49174
49177
49191
49192
49197
49200
49202
49203
49221
49229
49240
49241
49251
49252
49258
49274
49286
49295
49330
49357
49366
49372
49373
49374
49378
49380
49384
49412
49423
49428
49430
49449
49452
49458
49464
49470
49490
49503
49509
49516
49524
49525
49539
49542
49558
49559
49565
49566
49584
49587
49626
49650
49664
49669
49687
49692
49702
49705
49714
49726
49743
49744
49747
49768
49769
49787
49794
49809
49814
49815
49821
49830
49833
49840
49850
49865
49869
49872
49892
49893
49904
49907
49909
49911
49927
49947
49956
49969
49972
49990
49993
50001
50005
50008
50011
50024
50038
50039
50054
50055
50059
50065
50066
50109
50120
50134
50149
50175
50180
50188
50193
50197
50211
50222
50224
50228
50235
50246
50247
50252
50254
50261
50277
50278
50284
50297
50304
50307
50311
50314
50329
50340
50346
50352
50355
50356
50360
50368
50370
50382
50421
50428
50434
50438
50439
50454
50464
50469
50500
50523
50543
50548
50573
50580
50583
50597
50602
50607
50619
50621
50626
50627
50630
50636
50638
50657
50659
50661
50683
50685
50687
50690
50703
50741
50747
50749
50762
50782
50794
50798
50800
50804
50810
50816
50818
50819
50829
50844
50884
50888
50896
50897
50898
50912
50923
50925
50935
50939
50941
50950
50951
50954
50963
50972
50974
50989
51003
51006
51007
51009
51014
51051
51067
51083
51091
51093
51105
51108
51109
51133
51138
51139
51140
51158
51163
51171
51179
51180
51214
51217
51223
51232
51240
51242
51252
51254
51260
51283
51285
51291
51298
51313
51315
51321
51324
51346
51353
51357
51385
51388
51393
51395
51402
51408
51409
51419
51426
51437
51438
51445
51447
51448
51453
51454
51459
51469
51474
51503
51506
51510
51511
51513
51515
51535
51536
51569
51570
51590
51609
51614
51618
51619
51633
51637
51642
51669
51681
51682
51689
51696
51702
51708
51710
51714
51719
51722
51723
51737
51744
51747
51748
51757
51759
51762
51769
51787
51792
51811
51813
51814
51822
51831
51855
51867
51881
51883
51890
51894
51899
51913
51914
51921
51935
51936
51941
51950
51963
51973
51999
52026
52038
52045
52066
52067
52068
52074
52080
52087
52099
52100
52109
52117
52120
52126
52127
52132
52146
52150
52157
52181
52190
52203
52205
52210
52219
52221
52229
52233
52249
52258
52259
52264
52272
52274
52307
52318
52324
52330
52333
52338
52342
52350
52352
52356
52367
52376
52384
52403
52407
52418
52425
52430
52441
52454
52458
52467
52470
52474
52475
52487
52498
52499
52515
52523
52534
52536
52537
52539
52543
52544
52561
52562
52567
52586
52588
52615
52616
52619
52620
52622
52641
52651
52654
52664
52670
52671
52681
52688
52703
52704
52705
52706
52726
52732
52739
52743
52746
52755
52784
52789
52802
52809
52815
52833
52905
52916
52920
52947
52954
52968
52978
52986
53005
53006
53007
53009
53016
53058
53064
53069
53088
53092
53100
53101
53128
53129
53136
53137
53149
53155
53162
53166
53170
53202
53217
53223
53229
53230
53238
53250
53257
53271
53279
53280
53297
53311
53316
53328
53330
53337
53348
53349
53352
53358
53360
53364
53369
53371
53378
53379
53380
53395
53396
53401
53407
53415
53421
53429
53430
53442
53444
53459
53464
53469
53479
53483
53489
53496
53498
53501
53515
53516
53552
53556
53564
53588
53617
53618
53619
53620
53623
53637
53648
53653
53657
53664
53666
53667
53679
53683
53688
53696
53707
53717
53723
53748
53750
53751
53754
53756
53757
53764
53784
53794
53795
53805
53821
53836
53839
53848
53888
53889
53920
53923
53924
53926
53933
53940
53942
53951
53953
53962
53963
53974
53978
53980
53981
53984
53997
54000
54005
54008
54015
54016
54019
54020
54021
54040
54056
54068
54103
54111
54132
54133
54137
54144
54145
54146
54160
54171
54172
54186
54188
54194
54203
54207
54224
54245
54250
54252
54260
54268
54279
54283
54298
54304
54305
54313
54329
54330
54335
54340
54359
54362
54367
54370
54371
54405
54415
54421
54435
54442
54445
54462
54478
54482
54485
54488
54495
54496
54497
54503
54513
54517
54536
54547
54550
54551
54560
54561
54564
54566
54567
54575
54588
54610
54621
54622
54626
54634
54651
54654
54667
54726
54727
54738
54766
54771
54776
54781
54782
54811
54813
54823
54825
54828
54830
54831
54849
54869
54879
54889
54891
54898
54913
54919
54920
54923
54924
54926
54927
54928
54947
54976
54995
54999
55008
55030
55052
55059
55061
55086
55093
55094
55100
55131
55135
55138
55148
55149
55164
55169
55170
55171
55195
55206
55207
55210
55216
55231
55246
55265
55267
55272
55274
55310
55317
55336
55356
55382
55403
55405
55408
55416
55433
55434
55443
55468
55486
55495
55496
55508
55511
55512
55529
55543
55546
55553
55566
55575
55588
55595
55606
55626
55632
55636
55637
55645
55651
55655
55658
55668
55670
55677
55686
55688
55691
55707
55712
55733
55746
55750
55754
55759
55767
55791
55799
55800
55805
55811
55827
55834
55856
55866
55870
55906
55931
55957
55961
56005
56013
56016
56018
56026
56028
56029
56033
56035
56037
56056
56057
56059
56061
56062
56069
56072
56076
56083
56088
56089
56093
56095
56102
56119
56121
56122
56125
56136
56138
56144
56146
56149
56183
56192
56196
56208
56210
56216
56223
56245
56275
56300
56301
56311
56318
56329
56361
56363
56370
56372
56376
56377
56390
56395
56410
56411
56421
56435
56436
56455
56465
56467
56468
56477
56485
56494
56502
56505
56512
56520
56526
56528
56539
56541
56558
56574
56575
56581
56584
56597
56604
56611
56639
56647
56654
56672
56673
56677
56680
56687
56694
56700
56716
56742
56745
56748
56754
56777
56787
56789
56803
56805
56816
56832
56837
56842
56844
56849
56850
56869
56871
56900
56907
56909
56922
56923
56924
56936
56948
56961
56973
56974
56975
56976
56979
56992
57004
57009
57011
57018
57023
57024
57028
57042
57043
57054
57062
57064
57071
57076
57079
57089
57093
57104
57110
57115
57116
57119
57125
57133
57134
57160
57189
57197
57204
57208
57211
57216
57218
57227
57231
57234
57244
57247
57252
57253
57262
57268
57270
57282
57284
57285
57289
57295
57300
57312
57314
57333
57340
57341
57342
57345
57348
57355
57398
57408
57417
57427
57432
57437
57438
57460
57465
57478
57482
57483
57488
57496
57506
57513
57515
57520
57527
57532
57547
57566
57567
57570
57576
57590
57599
57604
57605
57630
57641
57652
57659
57675
57690
57693
57702
57705
57711
57717
57718
57739
57748
57753
57761
57769
57780
57789
57790
57803
57811
57813
57817
57818
57821
57849
57850
57858
57886
57893
57895
57902
57910
57914
57938
57939
57962
57970
57975
57980
57981
57994
58021
58027
58033
58039
58073
58081
58089
58092
58094
58107
58108
58114
58118
58119
58124
58131
58138
58141
58142
58147
58161
58162
58172
58178
58191
58199
58208
58210
58224
58233
58255
58261
58263
58269
58285
58289
58294
58296
58299
58316
58323
58324
58335
58340
58349
58369
58381
58395
58402
58435
58441
58463
58466
58467
58474
58483
58486
58490
58507
58508
58510
58514
58527
58529
58532
58534
58538
58543
58546
58550
58554
58561
58575
58586
58597
58598
58609
58642
58646
58656
58660
58662
58665
58666
58672
58675
58689
58702
58732
58734
58746
58750
58751
58754
58755
58756
58757
58760
58775
58778
58785
58791
58816
58823
58837
58843
58846
58848
58852
58856
58859
58877
58883
58888
58889
58890
58910
58913
58916
58919
58924
58935
58938
58961
58968
58976
58980
58981
58987
58990
58997
59025
59030
59035
59040
59044
59051
59061
59064
59068
59072
59096
59098
59102
59118
59119
59124
59127
59129
59135
59140
59163
59168
59172
59173
59184
59186
59194
59196
59200
59203
59222
59228
59242
59259
59270
59271
59291
59305
59320
59322
59325
59329
59333
59346
59358
59362
59378
59382
59391
59397
59410
59419
59423
59433
59440
59446
59462
59464
59467
59469
59490
59495
59535
59552
59553
59555
59559
59584
59590
59592
59593
59598
59603
59606
59611
59633
59639
59649
59669
59673
59676
59683
59687
59709
59715
59720
59723
59736
59745
59748
59756
59760
59773
59781
59796
59818
59823
59832
59838
59840
59841
59862
59874
59881
59885
59890
59912
59917
59923
59928
59929
59932
59954
59955
59956
59959
59967
59978
59985
59988
60003
60007
60010
60012
60015
60018
60042
60043
60049
60058
60064
60082
60086
60101
60122
60126
60127
60135
60150
60156
60160
60165
60175
60193
60196
60240
60262
60273
60277
60284
60297
60303
60307
60314
60318
60329
60339
60362
60365
60372
60377
60378
60379
60388
60391
60399
60402
60412
60416
60423
60424
60429
60437
60439
60450
60453
60464
60465
60470
60472
60477
60506
60520
60534
60552
60554
60588
60596
60600
60608
60616
60622
60623
60624
60627
60630
60650
60654
60676
60682
60701
60711
60714
60723
60724
60735
60737
60760
60779
60789
60804
60818
60847
60857
60862
60867
60880
60883
60884
60893
60894
60951
60953
60958
60960
60961
60966
60978
60979
60991
60999
61000
61005
61013
61028
61035
61050
61076
61086
61101
61104
61112
61115
61137
61138
61151
61170
61176
61184
61193
61196
61198
61202
61204
61221
61232
61239
61251
61257
61259
61272
61276
61349
61371
61377
61378
61386
61390
61393
61394
61410
61417
61418
61420
61421
61423
61434
61448
61455
61461
61472
61487
61490
61491
61497
61505
61506
61512
61520
61522
61562
61568
61582
61589
61593
61601
61610
61637
61647
61652
61657
61669
61675
61683
61696
61702
61706
61714
61715
61721
61722
61725
61727
61733
61755
61763
61764
61766
61768
61787
61799
61802
61814
61820
61840
61844
61853
61854
61864
61876
61878
61884
61886
61916
61939
61946
61954
61971
61976
61977
62010
62029
62034
62040
62042
62047
62051
62053
62076
62081
62084
62096
62099
62106
62115
62118
62128
62134
62138
62143
62144
62160
62162
62178
62202
62233
62237
62256
62273
62285
62307
62309
62327
62332
62347
62352
62360
62364
62368
62401
62405
62409
62419
62424
62436
62439
62440
62445
62483
62491
62499
62502
62503
62521
62528
62531
62532
62541
62542
62544
62545
62552
62557
62562
62563
62585
62590
62594
62603
62608
62610
62637
62640
62641
62645
62652
62682
62686
62701
62705
62706
62740
62744
62760
62764
62773
62794
62804
62805
62813
62824
62825
62826
62833
62836
62841
62844
62850
62853
62857
62858
62860
62861
62880
62887
62897
62904
62927
62944
62950
62959
62976
62980
62984
62993
62995
63016
63017
63029
63043
63058
63080
63093
63098
63104
63117
63121
63129
63142
63150
63151
63154
63164
63176
63181
63202
63212
63224
63225
63230
63249
63270
63279
63281
63287
63288
63289
63309
63312
63320
63331
63332
63338
63341
63344
63350
63392
63394
63397
63399
63409
63424
63430
63434
63439
63450
63452
63454
63458
63461
63464
63480
63500
63511
63516
63521
63522
63545
63548
63554
63559
63564
63565
63571
63582
63586
63590
63601
63617
63618
63619
63635
63642
63643
63649
63650
63662
63681
63683
63685
63688
63690
63692
63695
63716
63717
63723
63724
63743
63766
63785
63786
63793
63805
63811
63816
63823
63825
63832
63848
63850
63853
63856
63861
63885
63896
63900
63915
63917
63923
63924
63926
63932
63936
63937
63957
63981
63983
63984
64016
64028
64034
64054
64061
64074
64076
64101
64113
64123
64134
64135
64136
64146
64154
64155
64158
64160
64163
64178
64179
64182
64183
64188
64189
64196
64202
64204
64211
64215
64216
64225
64235
64255
64264
64273
64274
64284
64307
64310
64325
64330
64337
64338
64342
64344
64374
64376
64402
64418
64434
64441
64442
64450
64459
64460
64465
64494
64505
64511
64514
64521
64529
64571
64575
64585
64586
64604
64605
64607
64610
64618
64637
64638
64659
64663
64664
64688
64697
64708
64710
64719
64728
64729
64745
64758
64766
64775
64794
64806
64816
64818
64820
64833
64860
64863
64868
64874
64880
64883
64923
64927
64931
64932
64943
64953
64960
64974
64975
64977
64986
64991
65002
65016
65020
65038
65052
65062
65070
65096
65105
65106
65109
65116
65149
65151
65163
65169
65190
65194
65197
65216
65217
65235
65236
65279
65287
65290
65292
65306
65316
65325
65328
65329
65335
65336
65346
65375
65387
65393
65400
65421
65449
65477
65491
65492
65495
65501
65506
65520
65523
65527
65576
65578
65580
65583
65584
65587
65596
65610
65614
65618
65627
65641
65655
65679
65692
65693
65701
65702
65707
65711
65729
65740
65745
65758
65761
65764
65775
65778
65804
65806
65826
65836
65849
65852
65853
65858
65866
65868
65871
65894
65895
65898
65900
65911
65923
65929
65948
65950
65954
65967
65973
65981
66014
66033
66035
66059
66079
66083
66095
66098
66103
66123
66126
66136
66137
66140
66150
66155
66182
66188
66197
66198
66210
66211
66212
66233
66234
66239
66241
66253
66256
66261
66267
66272
66297
66306
66307
66341
66342
66351
66353
66360
66370
66379
66395
66404
66411
66422
66427
66434
66465
66476
66479
66486
66495
66497
66501
66507
66514
66515
66529
66540
66544
66546
66559
66561
66581
66592
66593
66608
66614
66618
66644
66645
66663
66672
66673
66684
66695
66705
66706
66742
66743
66756
66762
66767
66772
66775
66788
66823
66835
66857
66861
66866
66873
66899
66907
66910
66911
66913
66921
66924
66933
66944
66950
66959
66965
66976
66987
67018
67042
67044
67052
67071
67075
67076
67087
67095
67103
67129
67138
67145
67148
67150
67151
67155
67158
67161
67170
67172
67173
67184
67186
67190
67193
67205
67211
67216
67217
67220
67223
67226
67238
67241
67254
67279
67280
67288
67291
67301
67309
67317
67322
67327
67331
67339
67348
67366
67379
67386
67412
67415
67421
67430
67444
67451
67482
67483
67491
67495
67497
67516
67527
67535
67543
67556
67558
67559
67575
67592
67599
67611
67625
67633
67646
67659
67660
67667
67674
67682
67687
67693
67694
67707
67710
67730
67734
67737
67738
67739
67750
67755
67760
67772
67776
67782
67793
67798
67801
67805
67808
67809
67815
67823
67826
67834
67846
67850
67854
67855
67860
67861
67868
67872
67881
67890
67892
67895
67897
67900
67903
67907
67911
67912
67922
67954
67965
67970
67972
67980
67983
67985
68009
68015
68028
68032
68043
68053
68059
68078
68081
68107
68110
68120
68126
68133
68135
68141
68164
68190
68191
68204
68217
68237
68243
68254
68255
68258
68267
68268
68279
68284
68290
68306
68308
68310
68313
68323
68324
68344
68353
68368
68369
68377
68413
68420
68421
68424
68425
68435
68449
68452
68454
68460
68473
68474
68480
68493
68500
68503
68506
68511
68515
68527
68533
68545
68547
68549
68551
68554
68563
68565
68576
68580
68592
68603
68610
68617
68618
68623
68637
68641
68648
68664
68699
68703
68711
68725
68734
68777
68781
68784
68786
68803
68808
68815
68820
68821
68825
68828
68836
68843
68884
68888
68890
68898
68900
68930
68939
68946
68960
68966
68967
68968
68989
68990
68998
69019
69029
69046
69068
69075
69088
69104
69109
69115
69118
69123
69142
69149
69151
69154
69161
69167
69168
69169
69172
69188
69189
69200
69206
69222
69224
69227
69233
69234
69238
69248
69282
69290
69305
69320
69321
69326
69332
69337
69340
69356
69369
69374
69381
69386
69389
69395
69407
69408
69416
69419
69421
69428
69429
69438
69451
69452
69458
69475
69476
69482
69498
69505
69508
69519
69559
69561
69563
69569
69580
69595
69604
69605
69606
69622
69628
69647
69650
69652
69656
69661
69663
69667
69675
69684
69725
69738
69745
69748
69750
69755
69764
69767
69779
69781
69792
69793
69802
69806
69807
69820
69822
69826
69832
69833
69846
69848
69864
69882
69893
69898
69907
69909
69910
69920
69921
69927
69935
69942
69963
69970
69971
69976
69977
69981
69993
70004
70015
70021
70022
70025
70027
70030
70032
70049
70060
70069
70074
70075
70081
70091
70099
70115
70143
70153
70154
70155
70156
70204
70214
70215
70225
70226
70235
70248
70274
70279
70280
70298
70311
70317
70323
70325
70330
70331
70352
70359
70360
70392
70396
70414
70416
70431
70435
70447
70472
70492
70494
70509
70511
70518
70530
70537
70546
70555
70557
70577
70602
70617
70620
70637
70639
70660
70666
70676
70721
70727
70748
70756
70768
70784
70798
70802
70805
70807
70814
70817
70831
70839
70843
70860
70894
70917
70935
70938
70939
70943
70947
70956
70960
70961
70962
70965
70982
70998
70999
71005
71012
71015
71020
71029
71031
71039
71041
71046
71056
71057
71058
71060
71066
71071
71072
71080
71090
71092
71105
71118
71121
71142
71149
71155
71161
71171
71178
71187
71211
71234
71239
71249
71253
71256
71265
71271
71277
71281
71283
71296
71300
71319
71327
71334
71340
71343
71352
71354
71355
71360
71374
71379
71381
71384
71389
71405
71409
71419
71429
71431
71447
71456
71462
71477
71487
71488
71497
71499
71501
71502
71517
71524
71531
71533
71543
71552
71562
71571
71572
71584
71589
71611
71616
71617
71621
71625
71630
71648
71653
71656
71661
71673
71678
71685
71692
71694
71699
71709
71718
71727
71728
71731
71732
71745
71751
71757
71760
71768
71784
71793
71795
71801
71806
71821
71828
71831
71833
71843
71851
71868
71887
71891
71896
71903
71913
71918
71936
71938
71967
72005
72009
72011
72018
72022
72025
72028
72049
72072
72077
72081
72104
72111
72113
72130
72153
72154
72163
72168
72171
72174
72175
72179
72184
72200
72203
72207
72215
72217
72230
72242
72243
72255
72260
72262
72298
72301
72302
72307
72310
72349
72350
72355
72356
72360
72361
72378
72396
72398
72403
72438
72446
72448
72453
72460
72472
72475
72487
72491
72500
72518
72520
72529
72532
72562
72566
72576
72583
72586
72587
72613
72629
72631
72634
72635
72641
72646
72664
72665
72689
72692
72699
72704
72707
72713
72729
72730
72747
72749
72750
72761
72771
72776
72779
72789
72795
72800
72801
72812
72825
72827
72836
72849
72861
72866
72868
72876
72880
72881
72886
72889
72896
72897
72899
72920
72921
72927
72931
72938
72940
72947
72957
72967
72968
72992
72997
73011
73013
73014
73017
73019
73039
73049
73064
73083
73106
73114
73123
73132
73136
73141
73158
73166
73177
73181
73200
73201
73202
73203
73222
73233
73242
73244
73246
73248
73255
73287
73324
73347
73365
73368
73371
73380
73388
73402
73407
73419
73465
73467
73502
73505
73515
73527
73536
73539
73547
73557
73558
73582
73595
73603
73604
73608
73615
73619
73626
73637
73655
73660
73663
73674
73686
73689
73698
73701
73703
73704
73708
73718
73727
73733
73747
73754
73756
73765
73787
73793
73794
73803
73809
73811
73812
73814
73815
73820
73823
73829
73838
73851
73861
73872
73885
73887
73897
73899
73901
73907
73925
73949
73952
73957
73964
73985
74020
74023
74029
74035
74038
74044
74046
74079
74085
74114
74115
74132
74134
74148
74154
74175
74189
74198
74224
74229
74232
74236
74237
74242
74245
74267
74272
74274
74275
74278
74284
74303
74313
74314
74317
74342
74373
74388
74394
74400
74409
74416
74422
74426
74434
74441
74446
74450
74465
74475
74477
74479
74483
74490
74501
74505
74524
74535
74538
74550
74560
74562
74572
74574
74601
74611
74620
74621
74624
74637
74647
74660
74669
74679
74701
74706
74710
74720
74734
74740
74759
74760
74793
74808
74820
74825
74831
74832
74839
74847
74865
74871
74881
74884
74890
74899
74902
74903
74906
74907
74923
74946
74959
74966
74972
74975
74978
74982
74984
74987
74991
74993
75017
75045
75055
75071
75076
75079
75087
75089
75092
75097
75106
75108
75113
75114
75124
75134
75142
75144
75171
75189
75200
75206
75215
75218
75236
75241
75242
75261
75262
75265
75267
75269
75298
75300
75308
75317
75318
75327
75328
75335
75336
75348
75350
75369
75377
75379
75389
75395
75398
75402
75416
75422
75428
75430
75431
75434
75437
75448
75449
75460
75475
75488
75490
75507
75519
75529
75532
75546
75555
75577
75579
75583
75621
75623
75634
75652
75661
75664
75669
75672
75697
75703
75710
75715
75723
75729
75735
75739
75750
75753
75766
75776
75779
75785
75786
75787
75795
75802
75812
75819
75823
75840
75857
75859
75875
75878
75889
75905
75906
75909
75916
75921
75938
75949
75954
75955
75965
75971
75974
75983
75987
75989
75995
76002
76012
76018
76033
76041
76065
76068
76084
76085
76095
76097
76102
76121
76130
76176
76179
76199
76202
76207
76210
76216
76225
76237
76249
76250
76255
76262
76271
76291
76313
76315
76322
76334
76349
76359
76360
76365
76366
76371
76375
76383
76399
76404
76405
76412
76436
76458
76461
76463
76513
76516
76524
76541
76550
76551
76571
76573
76588
76598
76603
76613
76616
76618
76625
76641
76643
76647
76656
76666
76674
76689
76696
76701
76707
76718
76729
76736
76741
76743
76747
76761
76766
76768
76779
76793
76828
76837
76852
76864
76865
76868
76874
76880
76882
76902
76915
76917
76931
76953
76955
76956
76957
76959
76960
76961
76976
76978
76980
76983
76998
77003
77014
77022
77027
77061
77062
77072
77079
77091
77098
77110
77123
77124
77139
77146
77156
77160
77169
77175
77186
77187
77209
77215
77224
77243
77248
77259
77308
77313
77317
77321
77325
77337
77338
77344
77368
77379
77381
77384
77387
77395
77399
77418
77424
77429
77431
77440
77460
77467
77474
77511
77539
77541
77557
77560
77566
77568
77573
77589
77603
77619
77647
77649
77651
77657
77671
77678
77689
77698
77702
77716
77752
77757
77758
77775
77792
77795
77796
77803
77805
77821
77830
77834
77859
77890
77896
77912
77913
77917
77926
77931
77948
77970
77977
78001
78005
78022
78064
78069
78075
78083
78085
78098
78107
78110
78112
78114
78127
78130
78153
78158
78182
78197
78202
78203
78221
78222
78224
78239
78253
78260
78272
78300
78302
78319
78320
78324
78339
78349
78350
78355
78359
78367
78370
78371
78379
78381
78383
78407
78414
78446
78447
78452
78470
78480
78499
78505
78513
78527
78547
78554
78574
78578
78598
78613
78621
78629
78631
78639
78644
78653
78655
78660
78663
78669
78688
78700
78707
78711
78721
78724
78734
78739
78748
78773
78775
78781
78782
78786
78798
78802
78820
78839
78843
78844
78856
78858
78862
78863
78881
78886
78892
78912
78917
78932
78934
78942
78947
78949
78966
78992
79002
79017
79020
79026
79028
79039
79062
79064
79087
79088
79092
79109
79115
79118
79119
79137
79143
79160
79177
79185
79187
79196
79202
79231
79232
79234
79246
79259
79261
79262
79271
79280
79283
79288
79289
79290
79292
79294
79297
79301
79307
79320
79322
79324
79325
79328
79329
79340
79351
79359
79378
79379
79381
79388
79392
79393
79397
79406
79414
79420
79421
79424
79466
79476
79496
79501
79504
79508
79514
79521
79529
79533
79537
79539
79553
79558
79569
79584
79586
79589
79597
79620
79628
79631
79637
79639
79654
79672
79678
79683
79686
79694
79705
79712
79715
79720
79729
79745
79746
79748
79754
79767
79775
79780
79805
79811
79826
79833
79840
79855
79856
79865
79868
79871
79875
79884
79897
79905
79921
79934
79936
79940
79944
79949
79957
79962
79963
79970
79980
79987
79998
80000
80017
80025
80030
80037
80043
80045
80055
80063
80097
80099
80117
80137
80150
80153
80154
80155
80156
80160
80165
80174
80186
80193
80196
80224
80230
80238
80257
80260
80270
80277
80295
80298
80322
80340
80341
80347
80352
80357
80363
80364
80384
80391
80393
80396
80397
80401
80404
80405
80414
80436
80441
80446
80454
80474
80479
80489
80514
80535
80539
80553
80566
80569
80574
80576
80578
80579
80582
80602
80610
80611
80615
80618
80619
80626
80627
80642
80645
80650
80651
80657
80670
80686
80691
80698
80707
80711
80739
80748
80760
80761
80775
80783
80788
80802
80812
80820
80849
80852
80853
80864
80865
80866
80876
80881
80886
80890
80921
80939
80942
80949
80952
80955
80973
80977
80981
80984
80994
81001
81009
81010
81013
81026
81033
81039
81043
81070
81081
81086
81101
81113
81117
81119
81120
81124
81134
81140
81142
81153
81156
81168
81180
81181
81196
81201
81203
81204
81227
81243
81254
81267
81270
81271
81275
81279
81294
81301
81312
81318
81319
81321
81349
81351
81359
81363
81371
81374
81391
81397
81405
81406
81407
81427
81430
81433
81434
81441
81443
81446
81465
81467
81482
81484
81490
81509
81512
81515
81530
81537
81540
81545
81548
81561
81566
81574
81603
81617
81627
81642
81657
81670
81671
81672
81673
81681
81682
81690
81693
81699
81711
81712
81720
81724
81728
81730
81731
81752
81754
81764
81774
81776
81786
81803
81807
81808
81812
81814
81820
81824
81836
81838
81839
81840
81848
81852
81862
81865
81887
81908
81910
81923
81934
81938
81968
81977
81985
82008
82012
82022
82035
82064
82070
82076
82079
82094
82106
82113
82119
82124
82129
82131
82139
82153
82162
82168
82184
82185
82194
82195
82199
82222
82230
82234
82235
82241
82257
82262
82263
82266
82269
82272
82294
82295
82296
82300
82308
82329
82353
82356
82369
82378
82395
82416
82421
82422
82423
82428
82451
82452
82454
82476
82485
82490
82493
82506
82507
82514
82520
82523
82532
82546
82548
82551
82554
82568
82589
82601
82604
82610
82616
82634
82639
82642
82644
82664
82666
82678
82679
82684
82705
82706
82711
82725
82732
82744
82752
82753
82754
82762
82774
82784
82798
82802
82805
82809
82826
82842
82856
82863
82873
82886
82887
82889
82892
82897
82911
82921
82925
82937
82951
82954
82969
82982
82992
83009
83023
83034
83035
83039
83040
83057
83070
83071
83073
83075
83077
83081
83094
83103
83107
83108
83122
83135
83141
83145
83157
83175
83184
83185
83192
83202
83210
83237
83238
83240
83241
83248
83250
83256
83261
83270
83280
83287
83292
83297
83299
83304
83339
83345
83359
83362
83364
83371
83380
83384
83388
83400
83404
83408
83409
83425
83428
83430
83431
83434
83435
83436
83440
83444
83449
83453
83458
83459
83472
83481
83483
83490
83494
83496
83501
83526
83529
83533
83545
83558
83568
83571
83575
83590
83594
83598
83614
83628
83637
83642
83660
83665
83670
83682
83683
83701
83721
83722
83723
83745
83749
83752
83761
83767
83769
83774
83790
83792
83801
83804
83829
83839
83852
83865
83871
83872
83882
83887
83890
83891
83926
83936
83965
83972
83980
83981
83998
84030
84033
84038
84045
84061
84070
84098
84101
84126
84127
84130
84140
84141
84152
84164
84171
84172
84212
84222
84256
84258
84261
84263
84276
84280
84281
84284
84311
84313
84318
84319
84324
84326
84327
84329
84330
84332
84359
84373
84378
84395
84399
84401
84404
84405
84409
84413
84433
84437
84441
84452
84483
84500
84504
84520
84528
84543
84568
84575
84577
84583
84593
84601
84608
84636
84638
84642
84646
84664
84704
84709
84718
84722
84731
84737
84748
84751
84755
84758
84781
84782
84789
84791
84802
84815
84821
84828
84841
84855
84860
84872
84875
84886
84888
84897
84899
84912
84913
84922
84932
84938
84941
84946
84953
84966
84971
84977
84991
84994
85007
85015
85021
85034
85037
85057
85074
85081
85084
85086
85099
85151
85161
85163
85168
85172
85178
85187
85190
85203
85216
85229
85231
85244
85250
85258
85262
85270
85310
85324
85338
85340
85369
85371
85374
85392
85401
85403
85408
85412
85423
85428
85434
85435
85463
85468
85469
85470
85489
85494
85502
85512
85515
85516
85519
85523
85538
85564
85586
85593
85619
85622
85633
85635
85636
85642
85644
85645
85655
85656
85659
85667
85678
85691
85703
85709
85720
85730
85755
85758
85764
85775
85784
85789
85803
85811
85835
85847
85850
85862
85879
85882
85895
85898
85918
85940
85961
85976
85979
85986
85993
86008
86012
86016
86019
86036
86038
86054
86064
86069
86074
86078
86117
86121
86137
86138
86155
86156
86179
86194
86206
86215
86219
86224
86251
86253
86270
86279
86289
86295
86300
86309
86310
86313
86330
86334
86339
86344
86345
86348
86349
86352
86353
86358
86374
86383
86406
86420
86431
86433
86443
86444
86451
86457
86484
86514
86528
86535
86538
86549
86565
86580
86582
86588
86597
86599
86609
86611
86621
86635
86648
86668
86670
86673
86675
86679
86680
86683
86702
86703
86704
86711
86718
86733
86737
86749
86757
86758
86766
86770
86779
86787
86791
86817
86823
86838
86851
86855
86861
86864
86867
86868
86870
86897
86898
86923
86925
86959
86966
86973
86985
86993
87010
87026
87041
87048
87074
87075
87076
87081
87090
87100
87105
87106
87128
87132
87156
87158
87164
87179
87215
87225
87235
87271
87277
87283
87291
87300
87301
87307
87334
87339
87346
87359
87364
87370
87374
87391
87419
87425
87426
87432
87440
87443
87444
87457
87459
87467
87476
87477
87505
87514
87517
87527
87535
87542
87544
87547
87551
87557
87566
87568
87569
87570
87579
87587
87610
87612
87615
87624
87635
87661
87677
87679
87680
87684
87687
87692
87705
87717
87736
87739
87759
87763
87776
87780
87796
87798
87799
87832
87839
87852
87854
87862
87863
87880
87895
87898
87900
87904
87925
87926
87932
87935
87942
87949
87970
87971
87995
88006
88007
88009
88032
88040
88055
88078
88085
88089
88094
88100
88110
88113
88124
88129
88143
88149
88176
88215
88223
88232
88236
88257
88261
88272
88280
88290
88291
88292
88309
88324
88326
88327
88344
88348
88379
88380
88382
88385
88388
88393
88395
88396
88398
88399
88412
88420
88425
88426
88428
88442
88451
88457
88471
88483
88490
88504
88515
88526
88530
88545
88556
88561
88567
88571
88575
88576
88585
88591
88603
88621
88629
88634
88640
88648
88669
88693
88695
88697
88698
88711
88715
88719
88748
88750
88758
88761
88768
88777
88780
88783
88818
88819
88833
88835
88837
88839
88840
88843
88851
88864
88878
88893
88910
88922
88925
88931
88933
88945
88964
88975
88987
88990
89000
89007
89029
89036
89041
89045
89053
89060
89061
89070
89072
89084
89086
89099
89110
89118
89121
89128
89163
89185
89190
89208
89233
89236
89254
89260
89268
89269
89274
89302
89326
89330
89339
89354
89366
89370
89376
89377
89378
89383
89391
89405
89412
89423
89441
89452
89456
89462
89470
89476
89485
89487
89497
89498
89500
89501
89506
89516
89518
89526
89531
89533
89540
89546
89558
89560
89562
89574
89575
89579
89589
89591
89600
89605
89620
89627
89638
89639
89642
89648
89657
89658
89660
89662
89676
89677
89688
89706
89712
89714
89723
89724
89727
89730
89737
89739
89750
89751
89760
89768
89777
89782
89785
89803
89804
89811
89825
89827
89837
89843
89845
89846
89849
89854
89855
89858
89867
89868
89873
89876
89886
89887
89893
89914
89950
89956
89962
89964
89968
89986
90005
90011
90012
90015
90027
90029
90032
90042
90061
90076
90085
90093
90104
90111
90119
90120
90143
90146
90159
90160
90163
90169
90173
90189
90193
90196
90237
90249
90250
90252
90262
90273
90282
90283
90285
90286
90289
90296
90297
90303
90317
90320
90354
90359
90365
90374
90379
90410
90426
90429
90438
90439
90448
90455
90456
90467
90472
90487
90492
90497
90515
90521
90530
90539
90544
90545
90554
90556
90567
90579
90582
90584
90590
90605
90619
90630
90650
90659
90678
90684
90685
90701
90718
90722
90734
90746
90761
90775
90799
90820
90828
90838
90850
90873
90880
90886
90890
90895
90897
90925
90935
90947
90964
90968
90976
90986
90999
91008
91014
91023
91029
91034
91040
91049
91053
91054
91056
91060
91077
91084
91102
91113
91123
91136
91140
91145
91157
91161
91172
91177
91184
91195
91213
91220
91231
91235
91239
91245
91250
91259
91296
91321
91324
91327
91338
91347
91349
91353
91364
91366
91397
91407
91412
91415
91420
91421
91425
91461
91468
91470
91475
91476
91494
91510
91527
91536
91539
91546
91560
91567
91574
91576
91584
91600
91601
91611
91620
91624
91628
91635
91650
91656
91657
91659
91664
91667
91680
91684
91685
91694
91712
91734
91755
91764
91778
91783
91803
91807
91808
91813
91814
91816
91828
91840
91842
91847
91854
91859
91864
91875
91883
91885
91893
91903
91949
91951
91955
91957
91958
91960
91961
91963
91975
91978
91995
92019
92023
92035
92045
92050
92056
92059
92084
92085
92086
92104
92110
92125
92130
92132
92141
92148
92150
92152
92153
92163
92166
92170
92174
92181
92198
92207
92218
92227
92231
92233
92240
92250
92255
92289
92302
92308
92324
92327
92340
92344
92364
92371
92379
92382
92392
92406
92433
92471
92472
92478
92488
92492
92504
92506
92509
92514
92518
92522
92523
92528
92529
92531
92539
92543
92550
92552
92553
92561
92569
92577
92604
92611
92612
92619
92626
92630
92636
92641
92648
92678
92692
92711
92716
92718
92726
92731
92745
92746
92747
92753
92765
92772
92792
92793
92796
92799
92801
92804
92815
92819
92829
92839
92842
92854
92861
92862
92863
92875
92877
92893
92899
92905
92910
92917
92922
92929
92945
92946
92954
92970
92990
92992
93029
93038
93039
93042
93044
93072
93078
93085
93101
93140
93156
93160
93179
93193
93194
93200
93214
93215
93222
93225
93248
93252
93261
93262
93273
93274
93283
93287
93295
93296
93302
93310
93316
93320
93326
93327
93342
93355
93371
93374
93377
93379
93380
93391
93401
93405
93412
93416
93418
93435
93447
93448
93453
93463
93476
93477
93484
93520
93522
93525
93527
93529
93540
93565
93571
93572
93582
93590
93594
93595
93606
93612
93621
93623
93626
93638
93645
93668
93676
93689
93692
93697
93699
93702
93705
93707
93711
93736
93741
93755
93759
93771
93777
93783
93794
93795
93799
93805
93820
93828
93833
93836
93838
93840
93844
93850
93856
93876
93885
93893
93901
93907
93912
93936
93938
93947
93950
93957
93958
93961
93968
93970
93975
93985
93986
93992
94003
94011
94020
94021
94056
94079
94088
94099
94107
94113
94117
94123
94130
94135
94139
94152
94168
94190
94194
94217
94219
94225
94230
94231
94250
94251
94261
94287
94306
94318
94331
94340
94368
94369
94370
94375
94403
94409
94421
94428
94437
94441
94446
94452
94454
94458
94459
94479
94492
94504
94516
94540
94542
94558
94574
94581
94585
94586
94591
94594
94602
94622
94634
94642
94652
94667
94682
94687
94691
94692
94694
94703
94727
94737
94740
94753
94767
94786
94795
94807
94810
94813
94822
94824
94830
94831
94852
94856
94860
94868
94874
94881
94894
94898
94901
94911
94925
94926
94929
94930
94942
94963
95014
95027
95055
95079
95087
95090
95096
95103
95105
95113
95115
95118
95128
95129
95132
95133
95140
95143
95144
95182
95185
95186
95196
95232
95242
95243
95246
95256
95262
95265
95273
95274
95282
95287
95291
95303
95304
95308
95313
95315
95320
95335
95347
95352
95353
95357
95369
95381
95411
95413
95421
95422
95440
95441
95443
95456
95458
95468
95475
95476
95491
95496
95527
95533
95551
95553
95568
95574
95583
95610
95628
95645
95650
95671
95676
95694
95701
95703
95712
95713
95729
95741
95751
95756
95778
95779
95784
95796
95806
95813
95818
95826
95845
95855
95863
95868
95871
95892
95898
95915
95925
95926
95933
95937
95939
95945
95952
95960
95965
95969
95994
96007
96008
96039
96040
96052
96060
96062
96071
96072
96096
96101
96107
96110
96122
96123
96125
96129
96147
96180
96187
96189
96190
96201
96207
96219
96233
96236
96249
96253
96257
96273
96280
96296
96297
96321
96322
96324
96348
96358
96359
96365
96374
96376
96384
96425
96426
96435
96440
96451
96470
96474
96480
96500
96504
96511
96513
96515
96522
96526
96530
96532
96536
96546
96552
96555
96560
96582
96592
96600
96605
96613
96617
96620
96624
96631
96632
96657
96661
96671
96673
96684
96685
96690
96706
96709
96710
96713
96722
96723
96737
96762
96765
96770
96775
96783
96785
96797
96803
96809
96814
96832
96833
96837
96840
96855
96856
96859
96866
96876
96882
96911
96920
96921
96931
96942
96948
96949
96953
96954
96957
96979
96988
96995
97002
97010
97014
97017
97019
97020
97042
97048
97053
97056
97059
97077
97097
97105
97111
97112
97130
97135
97136
97139
97140
97148
97154
97159
97166
97178
97196
97199
97218
97222
97233
97239
97246
97260
97268
97280
97290
97318
97326
97332
97355
97362
97376
97380
97382
97394
97396
97409
97414
97435
97437
97447
97467
97471
97477
97483
97491
97496
97503
97526
97528
97533
97537
97543
97569
97577
97613
97614
97615
97616
97620
97630
97635
97639
97642
97693
97713
97716
97722
97732
97746
97748
97754
97767
97780
97795
97799
97801
97811
97824
97831
97864
97903
97907
97910
97922
97947
97954
97957
97959
97964
97977
97981
97989
98014
98026
98037
98039
98046
98055
98060
98064
98067
98068
98077
98088
98093
98125
98146
98153
98154
98190
98202
98211
98233
98239
98254
98260
98264
98267
98280
98281
98284
98306
98308
98312
98317
98328
98340
98362
98370
98374
98414
98423
98425
98426
98433
98440
98457
98465
98467
98470
98471
98472
98473
98481
98489
98492
98496
98501
98502
98515
98516
98534
98543
98553
98558
98563
98569
98571
98577
98581
98591
98592
98599
98613
98615
98662
98695
98706
98716
98717
98742
98751
98762
98772
98773
98776
98817
98822
98832
98848
98857
98861
98863
98865
98869
98877
98880
98890
98905
98906
98917
98965
98978
98983
98993
98994
99007
99021
99030
99031
99038
99055
99057
99086
99089
99107
99113
99124
99126
99130
99136
99148
99161
99172
99194
99201
99211
99224
99252
99260
99265
99273
99279
99283
99303
99315
99318
99325
99338
99340
99347
99354
99363
99364
99367
99369
99385
99407
99408
99422
99426
99428
99435
99443
99447
99451
99453
99460
99463
99464
99522
99538
99543
99544
99545
99547
99550
99560
99566
99583
99612
99615
99617
99618
99619
99641
99645
99664
99674
99704
99712
99723
99734
99735
99744
99751
99753
99756
99779
99786
99791
99792
99804
99833
99838
99847
99854
99859
99878
99890
99898
99900
99912
99924
99927
99941
99950
99951
99975
