5
17
19
27
47
53
67
83
84
86
87
89
92
101
108
120
122
137
139
150
156
158
169
172
184
185
218
232
236
237
240
241
249
253
265
276
282
287
301
328
334
337
346
348
349
350
353
358
372
391
403
427
429
440
447
452
470
474
481
483
485
488
497
500
516
517
519
520
528
533
539
540
542
550
553
557
561
564
567
574
590
594
597
605
606
611
613
623
626
637
656
660
665
666
681
688
703
713
716
719
721
726
728
730
737
751
763
766
770
779
791
793
794
802
807
818
834
844
846
865
867
871
873
877
884
895
899
906
913
915
916
918
920
925
934
938
942
955
956
965
967
983
985
987
992
1005
1017
1029
1032
1039
1043
1051
1056
1077
1078
1079
1081
1098
1099
1103
1118
1128
1129
1136
1153
1162
1199
1200
1202
1213
1217
1218
1230
1232
1259
1264
1266
1268
1275
1289
1293
1297
1299
1300
1309
1312
1314
1318
1333
1335
1343
1351
1354
1358
1360
1373
1383
1394
1396
1401
1402
1407
1417
1418
1420
1427
1431
1433
1435
1436
1445
1451
1453
1459
1463
1464
1465
1471
1478
1487
1491
1501
1511
1522
1545
1546
1551
1564
1565
1572
1587
1588
1600
1602
1607
1621
1625
1626
1628
1659
1662
1663
1664
1721
1726
1775
1780
1782
1788
1799
1802
1808
1809
1811
1824
1836
1844
1846
1860
1867
1871
1892
1912
1916
1917
1926
1928
1937
1946
1966
1975
1986
1996
2000
2005
2017
2018
2022
2025
2043
2046
2057
2067
2072
2074
2084
2088
2094
2096
2102
2120
2142
2152
2153
2154
2176
2180
2184
2195
2198
2210
2217
2219
2220
2236
2241
2242
2248
2263
2264
2266
2278
2286
2289
2295
2310
2313
2323
2324
2325
2328
2334
2344
2347
2348
2351
2354
2358
2361
2363
2366
2380
2384
2395
2399
2415
2418
2436
2443
2449
2450
2470
2488
2494
2498
2500
2505
2534
2538
2558
2583
2600
2607
2618
2628
2630
2638
2648
2649
2662
2671
2673
2674
2675
2684
2695
2701
2710
2720
2736
2739
2741
2758
2762
2764
2776
2777
2785
2796
2803
2831
2860
2872
2875
2879
2883
2892
2897
2903
2908
2911
2930
2932
2950
2952
2956
2963
2968
2969
2974
2985
2988
2990
2995
2998
3000
3011
3028
3029
3031
3032
3037
3049
3051
3056
3067
3069
3070
3093
3095
3112
3118
3133
3136
3137
3156
3160
3162
3170
3187
3188
3199
3204
3212
3219
3227
3241
3271
3289
3301
3304
3306
3307
3314
3316
3320
3340
3353
3360
3367
3380
3382
3387
3389
3403
3414
3416
3417
3418
3430
3438
3445
3465
3467
3468
3469
3474
3481
3483
3495
3499
3506
3510
3513
3521
3522
3528
3533
3534
3538
3540
3543
3546
3557
3558
3569
3570
3573
3577
3583
3597
3600
3602
3621
3623
3628
3631
3632
3639
3642
3644
3645
3652
3655
3657
3659
3661
3665
3667
3668
3675
3682
3693
3694
3699
3704
3711
3722
3725
3726
3731
3748
3753
3758
3762
3765
3790
3802
3804
3808
3812
3814
3820
3822
3826
3830
3831
3832
3839
3856
3861
3882
3889
3898
3900
3911
3912
3923
3933
3946
3950
3956
3957
3961
3977
3995
3999
4006
4008
4014
4015
4039
4045
4048
4056
4057
4058
4062
4076
4089
4091
4093
4099
4106
4119
4134
4136
4143
4145
4146
4148
4150
4161
4164
4171
4176
4181
4183
4196
4206
4207
4213
4216
4227
4231
4242
4243
4247
4248
4251
4268
4298
4301
4312
4313
4329
4331
4332
4335
4342
4361
4370
4375
4380
4386
4390
4398
4400
4406
4417
4421
4426
4427
4436
4441
4449
4469
4473
4478
4489
4491
4492
4495
4516
4524
4535
4550
4551
4561
4562
4569
4580
4584
4592
4600
4603
4606
4610
4614
4618
4624
4629
4632
4633
4643
4656
4657
4663
4664
4674
4680
4689
4698
4699
4700
4715
4719
4727
4733
4743
4766
4767
4788
4791
4805
4810
4813
4816
4818
4820
4830
4838
4862
4865
4869
4885
4890
4894
4898
4901
4907
4911
4924
4931
4946
4955
4962
4968
4973
4985
4987
4994
4998
5007
5009
5011
5035
5047
5053
5060
5076
5079
5081
5088
5090
5092
5098
5099
5101
5117
5133
5138
5148
5149
5150
5153
5154
5157
5159
5177
5180
5189
5193
5208
5209
5210
5213
5249
5255
5265
5268
5279
5290
5292
5293
5297
5298
5300
5301
5313
5323
5329
5341
5349
5351
5361
5370
5373
5376
5377
5381
5383
5388
5398
5399
5432
5434
5449
5454
5456
5458
5468
5474
5475
5478
5482
5485
5490
5495
5505
5511
5512
5514
5519
5520
5536
5537
5539
5551
5563
5572
5580
5586
5587
5594
5599
5609
5621
5628
5632
5633
5643
5649
5650
5656
5657
5662
5665
5669
5674
5676
5690
5695
5702
5704
5720
5724
5735
5739
5760
5766
5793
5804
5810
5815
5820
5837
5839
5857
5859
5863
5865
5867
5871
5886
5905
5915
5928
5935
5936
5940
5951
5958
5960
5962
5969
5981
5988
6038
6047
6049
6068
6073
6074
6083
6088
6091
6093
6109
6122
6142
6164
6170
6171
6172
6177
6178
6190
6203
6204
6206
6210
6217
6218
6220
6224
6227
6255
6258
6284
6286
6300
6304
6306
6317
6327
6348
6349
6350
6351
6372
6385
6389
6397
6399
6410
6411
6419
6423
6433
6446
6450
6451
6464
6465
6468
6472
6481
6482
6486
6487
6500
6507
6512
6519
6521
6523
6529
6534
6538
6541
6548
6559
6561
6569
6575
6579
6591
6592
6604
6605
6632
6633
6636
6640
6641
6652
6663
6666
6668
6702
6705
6711
6722
6728
6731
6742
6747
6756
6767
6776
6788
6794
6799
6803
6807
6817
6828
6840
6851
6853
6863
6877
6897
6902
6904
6933
6936
6942
6958
6966
6967
6968
6971
6972
6977
6986
6992
6994
6995
7002
7003
7007
7012
7016
7046
7056
7059
7063
7066
7084
7087
7090
7095
7098
7102
7108
7109
7118
7128
7130
7135
7136
7137
7139
7148
7149
7156
7170
7188
7192
7194
7197
7214
7229
7253
7255
7257
7274
7276
7309
7314
7324
7333
7350
7351
7352
7366
7377
7378
7386
7389
7394
7399
7404
7409
7417
7420
7423
7424
7428
7446
7465
7469
7470
7480
7486
7489
7511
7520
7525
7528
7529
7535
7537
7542
7544
7562
7565
7570
7576
7585
7603
7615
7620
7624
7633
7637
7638
7642
7657
7684
7696
7698
7700
7702
7707
7726
7732
7733
7737
7748
7749
7757
7763
7769
7777
7794
7798
7830
7850
7854
7858
7864
7868
7880
7883
7888
7900
7903
7921
7922
7928
7929
7934
7941
7950
7952
7958
7960
7968
7975
7976
7981
7984
7986
7997
8005
8014
8024
8029
8063
8068
8074
8086
8087
8104
8137
8159
8160
8166
8171
8178
8180
8198
8210
8215
8222
8233
8239
8250
8257
8260
8264
8269
8275
8282
8292
8302
8306
8313
8318
8320
8331
8339
8342
8349
8353
8367
8373
8397
8402
8408
8409
8414
8416
8421
8423
8425
8427
8441
8442
8443
8450
8454
8457
8476
8480
8482
8494
8497
8505
8507
8520
8522
8534
8554
8558
8565
8566
8571
8572
8578
8604
8613
8623
8626
8632
8639
8652
8658
8687
8690
8696
8698
8700
8701
8705
8711
8725
8729
8733
8751
8754
8767
8786
8789
8793
8797
8799
8810
8818
8828
8831
8835
8842
8845
8846
8859
8860
8863
8872
8873
8882
8883
8886
8906
8913
8917
8922
8943
8947
8952
8957
8960
8964
8967
8968
8973
8975
8978
8982
8985
8986
8988
8996
9010
9015
9017
9027
9033
9049
9053
9086
9091
9097
9115
9136
9139
9146
9148
9151
9168
9174
9185
9193
9209
9214
9219
9221
9227
9228
9245
9272
9278
9280
9282
9293
9315
9326
9336
9358
9361
9374
9379
9382
9390
9394
9396
9402
9405
9416
9420
9422
9423
9433
9435
9436
9445
9456
9466
9468
9478
9479
9481
9490
9496
9504
9516
9518
9520
9543
9547
9562
9564
9567
9591
9597
9610
9623
9625
9641
9657
9658
9665
9678
9681
9693
9696
9703
9710
9713
9718
9720
9723
9724
9726
9729
9740
9745
9749
9767
9769
9805
9806
9808
9811
9823
9828
9848
9849
9852
9855
9858
9863
9866
9870
9872
9885
9889
9890
9904
9910
9915
9924
9927
9935
9944
9955
9958
10001
10006
10012
10022
10027
10037
10045
10064
10078
10079
10081
10082
10087
10094
10104
10108
10115
10130
10136
10150
10154
10157
10161
10163
10166
10167
10181
10195
10196
10199
10204
10208
10212
10221
10235
10237
10244
10258
10266
10269
10274
10280
10287
10300
10307
10308
10311
10321
10325
10332
10347
10349
10352
10354
10363
10369
10370
10376
10377
10388
10392
10399
10408
10416
10419
10429
10431
10433
10439
10440
10455
10456
10462
10464
10474
10479
10480
10498
10509
10542
10559
10573
10578
10586
10587
10592
10593
10604
10613
10623
10626
10635
10636
10638
10639
10642
10643
10646
10655
10657
10660
10669
10670
10682
10689
10690
10695
10706
10715
10724
10728
10729
10737
10738
10741
10749
10753
10763
10772
10773
10793
10803
10809
10812
10823
10828
10830
10839
10840
10848
10849
10864
10887
10890
10899
10902
10913
10923
10924
10933
10941
10961
10968
10978
10996
11000
11001
11002
11008
11021
11034
11040
11066
11070
11078
11080
11096
11112
11113
11114
11132
11160
11165
11166
11174
11176
11184
11188
11202
11209
11227
11228
11231
11236
11248
11258
11277
11278
11279
11288
11297
11305
11313
11318
11328
11363
11372
11377
11381
11390
11412
11427
11450
11459
11464
11471
11476
11477
11479
11483
11492
11502
11511
11521
11524
11539
11544
11569
11573
11577
11589
11594
11604
11611
11614
11616
11620
11622
11626
11640
11659
11669
11680
11686
11688
11710
11715
11720
11727
11745
11754
11759
11761
11766
11778
11781
11794
11797
11805
11835
11866
11880
11886
11892
11896
11916
11925
11932
11940
11942
11943
11950
11966
11981
11984
11985
11986
11988
11992
12014
12017
12036
12065
12069
12070
12072
12075
12079
12085
12086
12087
12100
12105
12108
12115
12118
12119
12132
12133
12135
12136
12137
12141
12154
12156
12164
12172
12175
12179
12183
12189
12190
12191
12209
12222
12227
12228
12238
12242
12245
12253
12255
12258
12259
12261
12267
12269
12276
12282
12288
12299
12303
12306
12307
12318
12321
12338
12358
12366
12396
12400
12410
12411
12414
12415
12421
12424
12425
12432
12434
12450
12460
12463
12470
12474
12480
12482
12483
12486
12490
12493
12503
12507
12521
12526
12529
12535
12552
12570
12573
12577
12582
12583
12591
12592
12593
12604
12611
12620
12633
12641
12643
12645
12657
12659
12663
12683
12690
12694
12718
12720
12723
12727
12739
12759
12772
12782
12786
12802
12804
12813
12815
12818
12819
12822
12823
12826
12829
12841
12859
12865
12866
12868
12877
12882
12884
12905
12909
12929
12933
12934
12938
12939
12942
12944
12956
12970
12980
12987
12992
12996
12998
13001
13002
13004
13006
13011
13019
13025
13035
13051
13053
13057
13058
13078
13085
13087
13092
13118
13119
13141
13144
13151
13152
13156
13160
13165
13166
13173
13178
13179
13181
13184
13187
13206
13212
13226
13235
13239
13245
13247
13255
13256
13259
13261
13262
13263
13264
13267
13269
13273
13274
13275
13288
13305
13320
13322
13330
13349
13351
13354
13361
13362
13374
13379
13380
13384
13394
13398
13400
13401
13404
13434
13440
13446
13454
13458
13473
13481
13499
13502
13509
13516
13530
13538
13541
13548
13555
13591
13595
13602
13608
13615
13616
13623
13628
13634
13636
13643
13653
13655
13657
13661
13689
13703
13707
13709
13713
13726
13734
13738
13744
13748
13750
13751
13755
13762
13771
13779
13781
13802
13827
13844
13847
13857
13868
13871
13880
13899
13911
13927
13943
13945
13953
13954
13966
13988
13989
13997
13999
14000
14002
14013
14016
14017
14021
14029
14038
14043
14044
14056
14058
14060
14068
14095
14097
14102
14112
14121
14139
14142
14151
14160
14162
14163
14170
14171
14175
14176
14203
14207
14218
14219
14223
14226
14227
14240
14257
14264
14279
14281
14282
14285
14297
14298
14308
14328
14332
14334
14352
14354
14365
14369
14372
14382
14385
14387
14407
14420
14424
14457
14460
14464
14468
14472
14474
14482
14497
14501
14505
14506
14509
14510
14523
14525
14526
14528
14531
14537
14546
14555
14567
14568
14573
14606
14609
14624
14629
14633
14636
14649
14655
14689
14709
14713
14725
14727
14731
14766
14768
14769
14778
14786
14787
14790
14796
14802
14814
14816
14820
14821
14827
14838
14840
14843
14856
14859
14860
14900
14904
14906
14908
14910
14911
14912
14928
14931
14940
14957
14968
14975
14976
14980
14987
15004
15012
15016
15023
15036
15037
15040
15044
15046
15054
15060
15073
15084
15086
15094
15111
15126
15130
15138
15141
15153
15182
15190
15197
15199
15206
15210
15212
15213
15221
15226
15227
15230
15238
15262
15279
15290
15291
15292
15303
15313
15320
15324
15335
15351
15360
15367
15370
15371
15392
15393
15398
15403
15405
15409
15417
15424
15429
15450
15466
15472
15474
15487
15490
15492
15500
15510
15520
15521
15527
15530
15531
15533
15534
15537
15548
15581
15582
15583
15623
15645
15648
15655
15658
15659
15665
15666
15671
15680
15724
15726
15734
15748
15750
15763
15766
15775
15785
15798
15799
15803
15830
15839
15846
15873
15876
15878
15889
15891
15898
15900
15901
15906
15909
15910
15917
15941
15952
15954
15956
15957
15958
15962
15976
15982
15985
15986
15993
15995
16008
16010
16016
16033
16036
16041
16048
16049
16062
16065
16070
16071
16092
16095
16097
16099
16100
16113
16118
16122
16143
16148
16155
16157
16165
16168
16173
16176
16205
16227
16231
16235
16251
16254
16265
16270
16294
16298
16299
16304
16306
16308
16309
16314
16315
16328
16335
16336
16341
16347
16362
16363
16387
16388
16389
16398
16402
16404
16406
16413
16424
16441
16442
16454
16459
16465
16479
16489
16492
16496
16503
16509
16513
16521
16527
16533
16537
16550
16567
16568
16574
16580
16596
16597
16601
16612
16617
16633
16638
16644
16645
16655
16670
16671
16672
16705
16710
16712
16715
16719
16762
16770
16772
16784
16791
16792
16796
16799
16804
16817
16818
16820
16832
16833
16847
16866
16870
16875
16876
16880
16882
16883
16887
16891
16895
16902
16904
16906
16916
16918
16920
16933
16938
16947
16949
16952
16961
16973
16978
16981
16983
16986
16999
17001
17003
17004
17007
17012
17025
17027
17034
17041
17046
17047
17048
17049
17055
17060
17061
17069
17080
17081
17090
17107
17108
17109
17110
17126
17135
17144
17151
17162
17167
17181
17195
17196
17202
17208
17234
17238
17246
17253
17259
17265
17270
17271
17285
17286
17289
17290
17296
17297
17304
17305
17320
17342
17360
17361
17362
17372
17379
17383
17393
17397
17401
17403
17408
17414
17424
17431
17432
17437
17451
17452
17454
17460
17481
17482
17488
17491
17502
17534
17540
17543
17544
17555
17558
17562
17563
17573
17579
17591
17605
17611
17620
17628
17635
17643
17645
17660
17669
17681
17703
17706
17712
17719
17726
17727
17735
17737
17745
17756
17761
17779
17781
17785
17809
17813
17819
17825
17836
17838
17839
17841
17844
17851
17854
17855
17874
17898
17911
17915
17922
17927
17935
17940
17942
17944
17950
17969
17972
17974
17981
17996
18010
18015
18031
18033
18065
18068
18069
18078
18091
18096
18110
18124
18135
18142
18148
18163
18164
18166
18177
18180
18184
18190
18201
18204
18211
18212
18229
18233
18239
18240
18256
18260
18268
18274
18279
18280
18282
18286
18298
18302
18307
18312
18328
18339
18360
18368
18399
18403
18409
18413
18420
18422
18426
18427
18431
18437
18444
18453
18465
18471
18475
18476
18491
18503
18507
18545
18549
18554
18579
18582
18585
18595
18596
18607
18624
18631
18632
18637
18646
18660
18669
18671
18672
18674
18679
18681
18686
18693
18694
18697
18703
18718
18750
18751
18760
18778
18780
18794
18801
18815
18816
18837
18843
18845
18849
18859
18863
18865
18874
18878
18883
18884
18887
18888
18907
18921
18924
18928
18931
18942
18945
18946
18968
18973
18976
18986
18994
19002
19005
19025
19031
19033
19035
19039
19043
19050
19052
19059
19063
19080
19097
19101
19106
19113
19117
19145
19146
19147
19149
19155
19160
19169
19175
19176
19178
19179
19180
19187
19192
19197
19206
19212
19217
19223
19229
19257
19262
19271
19301
19340
19343
19351
19354
19356
19362
19368
19375
19377
19380
19381
19382
19392
19398
19406
19415
19435
19439
19441
19444
19452
19458
19460
19461
19480
19484
19490
19492
19498
19507
19508
19514
19524
19529
19533
19561
19572
19583
19599
19608
19609
19616
19629
19635
19648
19657
19666
19668
19674
19687
19698
19699
19701
19708
19717
19721
19728
19732
19733
19742
19744
19751
19773
19774
19786
19787
19793
19797
19812
19826
19828
19832
19845
19847
19848
19864
19875
19887
19894
19904
19907
19909
19914
19934
19941
19946
19952
19953
19959
19971
19974
20014
20016
20021
20023
20038
20049
20056
20066
20080
20083
20088
20116
20126
20128
20132
20143
20152
20154
20160
20162
20166
20173
20176
20183
20185
20190
20195
20205
20214
20216
20240
20244
20251
20260
20263
20270
20277
20282
20284
20289
20304
20312
20316
20332
20338
20367
20369
20375
20379
20383
20386
20388
20391
20404
20412
20414
20415
20430
20436
20437
20439
20441
20444
20451
20455
20465
20469
20479
20485
20495
20510
20536
20542
20544
20549
20550
20554
20571
20574
20575
20586
20594
20601
20611
20612
20614
20635
20638
20640
20647
20665
20668
20673
20676
20685
20689
20708
20711
20712
20714
20717
20718
20728
20730
20735
20736
20737
20744
20766
20770
20775
20779
20781
20784
20791
20792
20793
20803
20804
20812
20820
20824
20832
20837
20842
20850
20858
20867
20871
20894
20899
20937
20957
20959
20960
20963
20967
20973
20979
20981
20986
20990
20999
21001
21005
21008
21021
21025
21030
21036
21040
21050
21057
21059
21069
21072
21073
21074
21075
21085
21086
21095
21102
21103
21107
21115
21116
21133
21147
21149
21150
21152
21158
21172
21189
21191
21192
21225
21228
21231
21239
21244
21250
21265
21275
21288
21289
21293
21294
21295
21305
21307
21312
21341
21346
21347
21365
21375
21380
21389
21390
21391
21398
21399
21414
21417
21420
21421
21439
21442
21454
21456
21481
21483
21484
21487
21522
21525
21537
21543
21547
21577
21583
21600
21604
21623
21632
21634
21637
21644
21669
21681
21682
21692
21711
21714
21722
21739
21743
21755
21758
21765
21766
21772
21777
21783
21790
21796
21805
21815
21818
21830
21831
21838
21844
21868
21871
21874
21879
21889
21894
21898
21902
21910
21915
21936
21950
21955
21956
21969
21970
21976
21980
21986
21995
21999
22001
22002
22005
22017
22018
22022
22023
22025
22026
22033
22037
22052
22056
22060
22075
22084
22086
22095
22096
22098
22100
22102
22103
22110
22117
22124
22126
22128
22137
22141
22143
22145
22148
22162
22171
22191
22192
22195
22199
22203
22208
22222
22226
22261
22276
22278
22291
22310
22313
22314
22328
22329
22333
22348
22350
22380
22381
22384
22398
22400
22418
22439
22440
22442
22461
22464
22468
22471
22486
22487
22494
22502
22534
22540
22541
22546
22549
22550
22553
22570
22571
22574
22581
22603
22605
22607
22622
22627
22652
22660
22663
22683
22689
22693
22695
22706
22710
22712
22724
22735
22736
22749
22753
22754
22759
22761
22762
22777
22782
22796
22797
22807
22823
22828
22830
22846
22850
22860
22872
22873
22874
22882
22883
22891
22893
22915
22923
22931
22933
22943
22945
22947
22957
22960
22965
22973
22977
22980
22984
22999
23009
23019
23025
23037
23040
23068
23071
23091
23094
23095
23103
23110
23122
23123
23127
23149
23162
23169
23180
23183
23194
23203
23206
23209
23211
23216
23218
23219
23221
23223
23228
23241
23247
23253
23258
23259
23262
23275
23276
23277
23295
23300
23302
23305
23315
23329
23330
23341
23355
23364
23365
23366
23372
23400
23401
23408
23422
23432
23433
23435
23455
23479
23488
23491
23499
23501
23507
23520
23523
23524
23535
23550
23572
23583
23595
23598
23603
23608
23612
23620
23666
23678
23693
23694
23710
23730
23736
23739
23746
23748
23753
23757
23771
23772
23774
23775
23804
23805
23811
23817
23827
23830
23833
23843
23845
23855
23864
23868
23871
23873
23882
23889
23897
23902
23904
23915
23942
23946
23956
23959
23971
23975
23976
23979
23989
23994
24008
24010
24031
24032
24041
24042
24043
24045
24053
24065
24072
24091
24100
24106
24107
24132
24142
24146
24147
24148
24150
24156
24168
24169
24182
24193
24195
24202
24221
24233
24245
24252
24258
24266
24272
24274
24285
24291
24301
24307
24319
24325
24345
24351
24370
24373
24390
24394
24395
24402
24403
24421
24453
24458
24465
24477
24503
24511
24522
24526
24533
24541
24542
24560
24572
24587
24594
24608
24611
24612
24613
24616
24619
24627
24629
24630
24632
24636
24656
24658
24673
24680
24690
24699
24704
24715
24723
24728
24731
24736
24742
24754
24765
24766
24771
24782
24787
24792
24796
24817
24833
24848
24849
24861
24862
24864
24868
24904
24907
24909
24913
24931
24933
24940
24941
24951
24953
24961
24996
25015
25017
25029
25032
25058
25098
25104
25105
25113
25127
25129
25154
25164
25167
25168
25174
25188
25207
25264
25272
25288
25306
25316
25326
25333
25337
25343
25349
25351
25357
25375
25376
25387
25395
25404
25414
25416
25424
25428
25432
25439
25457
25467
25473
25487
25495
25510
25522
25526
25540
25555
25567
25569
25571
25572
25575
25576
25582
25585
25596
25599
25603
25611
25620
25622
25634
25635
25652
25654
25655
25662
25663
25674
25677
25689
25691
25692
25704
25706
25707
25710
25712
25725
25727
25732
25737
25758
25778
25786
25792
25794
25796
25803
25804
25860
25862
25865
25870
25874
25886
25891
25893
25903
25907
25911
25912
25922
25929
25940
25946
25947
25951
25957
25958
25961
25962
25963
25976
25986
25993
25994
26012
26023
26043
26050
26051
26065
26083
26088
26089
26093
26095
26110
26121
26137
26138
26151
26154
26157
26158
26161
26170
26179
26190
26196
26197
26199
26202
26203
26204
26207
26208
26215
26219
26238
26257
26259
26271
26291
26303
26309
26318
26320
26327
26335
26342
26361
26362
26367
26378
26383
26385
26386
26396
26399
26411
26414
26423
26430
26432
26436
26440
26449
26461
26468
26469
26471
26476
26480
26508
26510
26516
26521
26523
26534
26536
26541
26550
26552
26557
26566
26569
26570
26572
26573
26574
26578
26581
26585
26587
26588
26593
26602
26628
26631
26634
26654
26658
26662
26666
26676
26684
26685
26687
26692
26693
26702
26711
26722
26730
26731
26738
26743
26755
26764
26785
26790
26795
26809
26817
26827
26829
26834
26836
26844
26852
26861
26885
26890
26905
26922
26927
26937
26950
26953
26959
26963
26970
26977
26978
26983
26985
27013
27018
27022
27059
27061
27064
27082
27083
27109
27110
27112
27117
27120
27123
27140
27141
27145
27162
27164
27173
27174
27176
27177
27178
27189
27192
27193
27195
27196
27197
27200
27201
27207
27214
27216
27217
27226
27234
27239
27251
27263
27271
27290
27299
27313
27353
27384
27388
27394
27399
27419
27440
27442
27444
27445
27453
27464
27465
27472
27482
27488
27496
27506
27507
27511
27512
27516
27525
27531
27541
27542
27543
27553
27557
27562
27569
27581
27583
27616
27617
27619
27621
27623
27624
27625
27629
27638
27647
27652
27684
27688
27699
27709
27713
27715
27725
27727
27730
27732
27739
27750
27753
27758
27763
27771
27783
27784
27786
27790
27797
27810
27812
27813
27821
27824
27830
27834
27838
27851
27853
27875
27876
27878
27888
27890
27902
27904
27909
27920
27945
27954
27973
27976
27982
27986
27987
27996
28003
28015
28021
28030
28056
28066
28070
28083
28090
28116
28122
28131
28133
28138
28143
28149
28161
28166
28167
28175
28185
28188
28191
28197
28204
28216
28218
28220
28225
28229
28243
28246
28251
28253
28261
28268
28269
28270
28280
28282
28290
28298
28301
28303
28320
28321
28327
28328
28339
28348
28351
28357
28368
28395
28402
28404
28431
28440
28448
28452
28456
28463
28464
28503
28509
28520
28522
28541
28543
28549
28551
28557
28564
28586
28587
28598
28604
28605
28618
28620
28628
28629
28635
28637
28655
28658
28665
28707
28719
28724
28746
28752
28759
28763
28785
28787
28788
28791
28810
28819
28820
28822
28843
28848
28850
28852
28853
28870
28880
28888
28906
28913
28924
28930
28931
28934
28939
28940
28942
28948
28949
28950
28955
28966
28968
28969
28971
28972
28973
28974
28980
28982
28992
29004
29021
29023
29031
29032
29035
29037
29047
29051
29053
29066
29076
29077
29080
29087
29099
29107
29108
29109
29114
29119
29127
29131
29140
29149
29155
29162
29176
29178
29187
29195
29211
29218
29226
29229
29230
29256
29270
29278
29290
29295
29301
29309
29311
29314
29316
29320
29329
29340
29345
29348
29359
29372
29380
29382
29392
29393
29400
29401
29412
29413
29414
29418
29424
29430
29435
29447
29458
29459
29464
29485
29489
29494
29506
29507
29515
29524
29533
29535
29548
29551
29555
29566
29569
29578
29580
29581
29589
29599
29622
29626
29629
29647
29648
29650
29654
29658
29665
29667
29685
29704
29710
29723
29724
29727
29746
29756
29759
29767
29768
29773
29776
29791
29796
29797
29814
29818
29822
29835
29837
29870
29879
29882
29884
29890
29896
29903
29907
29910
29912
29919
29923
29940
29945
29951
29954
29958
29961
29977
29981
29982
29985
29986
30002
30007
30008
30011
30012
30015
30027
30028
30031
30033
30040
30055
30057
30062
30071
30082
30092
30096
30098
30108
30113
30115
30126
30130
30149
30161
30174
30182
30187
30196
30199
30201
30202
30204
30208
30209
30261
30265
30266
30270
30289
30291
30292
30308
30310
30325
30330
30338
30354
30360
30366
30369
30397
30407
30411
30419
30424
30425
30435
30441
30445
30450
30452
30464
30476
30491
30495
30512
30518
30524
30525
30530
30541
30545
30553
30564
30565
30567
30569
30592
30595
30597
30601
30603
30605
30606
30614
30616
30628
30631
30634
30635
30651
30652
30653
30667
30677
30679
30685
30687
30697
30699
30711
30713
30728
30732
30740
30752
30763
30765
30770
30775
30784
30786
30802
30806
30809
30816
30817
30820
30823
30831
30847
30879
30887
30896
30899
30902
30915
30917
30942
30967
30973
30980
30993
30995
31001
31002
31012
31013
31016
31017
31020
31025
31028
31032
31034
31040
31056
31066
31084
31092
31101
31109
31110
31113
31139
31144
31147
31159
31161
31162
31173
31174
31181
31186
31194
31210
31220
31221
31222
31225
31230
31237
31242
31243
31246
31251
31255
31258
31265
31267
31271
31275
31285
31326
31335
31337
31343
31354
31375
31398
31405
31410
31413
31416
31419
31423
31457
31465
31484
31535
31538
31541
31550
31551
31553
31556
31557
31558
31568
31570
31575
31591
31606
31626
31636
31638
31647
31650
31651
31654
31655
31662
31668
31675
31677
31679
31681
31698
31708
31728
31753
31770
31786
31789
31796
31812
31825
31827
31829
31849
31858
31876
31889
31901
31916
31919
31924
31931
31941
31951
31964
31982
31991
31993
32002
32012
32026
32032
32033
32036
32044
32045
32048
32049
32051
32062
32070
32071
32074
32088
32089
32091
32094
32096
32098
32104
32111
32119
32129
32130
32136
32137
32138
32140
32145
32161
32164
32166
32168
32170
32175
32192
32198
32201
32202
32208
32211
32216
32223
32227
32249
32269
32276
32278
32279
32281
32289
32295
32299
32312
32328
32331
32338
32343
32363
32370
32378
32390
32395
32401
32403
32408
32410
32415
32420
32425
32437
32438
32444
32453
32455
32460
32471
32473
32482
32517
32520
32524
32528
32541
32577
32595
32600
32602
32618
32642
32643
32650
32659
32661
32689
32710
32713
32720
32737
32745
32751
32756
32770
32785
32789
32797
32805
32828
32841
32842
32848
32860
32866
32872
32874
32883
32884
32895
32905
32912
32915
32916
32918
32929
32953
32965
32968
32970
32974
32975
32976
32982
33005
33007
33010
33027
33041
33048
33053
33062
33070
33080
33088
33099
33102
33112
33119
33121
33125
33137
33139
33153
33157
33158
33160
33161
33163
33169
33172
33178
33186
33188
33194
33200
33201
33205
33208
33221
33234
33242
33262
33273
33278
33284
33294
33303
33305
33313
33318
33323
33326
33328
33333
33341
33345
33346
33347
33352
33354
33389
33416
33418
33430
33431
33435
33442
33468
33475
33482
33484
33488
33492
33506
33507
33509
33510
33511
33514
33517
33523
33534
33545
33554
33568
33582
33584
33593
33596
33600
33605
33612
33615
33628
33631
33634
33643
33648
33651
33652
33658
33670
33671
33673
33692
33703
33706
33715
33727
33729
33738
33741
33762
33766
33768
33773
33776
33780
33784
33797
33805
33806
33810
33814
33819
33822
33836
33845
33860
33878
33892
33900
33901
33906
33919
33926
33929
33942
33961
33970
34001
34016
34031
34033
34044
34050
34051
34070
34076
34088
34095
34106
34111
34123
34125
34126
34135
34144
34150
34157
34170
34174
34191
34198
34203
34204
34207
34208
34212
34214
34240
34256
34265
34280
34291
34301
34313
34324
34353
34354
34358
34360
34363
34366
34382
34388
34389
34394
34396
34397
34398
34399
34401
34426
34428
34430
34432
34437
34438
34458
34459
34463
34467
34471
34472
34478
34493
34503
34511
34530
34548
34549
34571
34588
34634
34638
34641
34647
34674
34680
34681
34684
34705
34709
34719
34720
34722
34731
34742
34754
34769
34771
34775
34781
34786
34793
34799
34804
34819
34825
34835
34840
34845
34858
34864
34876
34893
34908
34910
34918
34932
34937
34941
34967
34975
34979
34980
34996
35002
35003
35005
35012
35016
35020
35035
35044
35048
35056
35059
35061
35065
35077
35079
35081
35084
35088
35107
35113
35120
35122
35129
35141
35145
35148
35152
35154
35156
35160
35177
35179
35197
35199
35202
35205
35206
35215
35222
35225
35253
35259
35263
35300
35315
35331
35332
35342
35347
35352
35357
35362
35368
35384
35392
35408
35409
35412
35414
35416
35422
35423
35425
35445
35446
35461
35464
35471
35479
35480
35483
35484
35489
35494
35505
35514
35517
35524
35529
35530
35534
35540
35550
35564
35566
35575
35584
35598
35608
35622
35632
35642
35645
35654
35658
35671
35680
35692
35707
35721
35734
35758
35759
35761
35762
35767
35773
35777
35783
35787
35792
35795
35801
35804
35811
35815
35819
35835
35837
35838
35842
35854
35857
35865
35868
35869
35878
35889
35893
35911
35931
35950
35955
35962
35971
35983
36014
36016
36034
36042
36046
36064
36070
36071
36083
36094
36108
36115
36125
36127
36129
36135
36144
36148
36149
36158
36176
36204
36222
36224
36229
36230
36243
36255
36260
36268
36271
36280
36282
36312
36322
36327
36330
36337
36342
36350
36353
36358
36377
36383
36393
36396
36399
36404
36412
36415
36424
36426
36428
36429
36430
36446
36457
36459
36469
36475
36480
36481
36482
36494
36516
36525
36527
36533
36553
36555
36559
36565
36567
36568
36580
36585
36589
36596
36598
36602
36610
36618
36631
36633
36637
36650
36659
36665
36675
36678
36687
36692
36696
36701
36703
36705
36717
36721
36725
36728
36735
36738
36762
36763
36764
36778
36780
36785
36813
36816
36831
36838
36839
36845
36849
36850
36856
36874
36895
36902
36913
36915
36918
36923
36929
36937
36941
36964
36966
36973
36974
36976
36984
36987
36991
36995
37013
37014
37019
37021
37025
37027
37031
37035
37037
37051
37067
37071
37077
37085
37098
37100
37102
37103
37107
37109
37110
37115
37119
37126
37127
37129
37135
37148
37164
37178
37194
37195
37199
37222
37229
37230
37235
37238
37239
37252
37259
37265
37266
37268
37281
37284
37287
37291
37294
37296
37298
37307
37311
37323
37332
37338
37353
37356
37367
37368
37382
37386
37402
37414
37418
37419
37438
37452
37472
37495
37497
37502
37517
37520
37528
37544
37558
37564
37577
37586
37593
37596
37607
37610
37612
37637
37650
37651
37652
37654
37669
37687
37706
37714
37716
37724
37725
37734
37745
37750
37755
37771
37780
37781
37791
37793
37810
37814
37818
37825
37826
37843
37845
37864
37868
37874
37876
37889
37892
37896
37910
37913
37914
37925
37929
37930
37937
37940
37942
37950
37956
37965
37969
37974
37982
37989
37996
37997
38008
38009
38016
38036
38041
38044
38046
38062
38065
38071
38074
38080
38088
38091
38099
38102
38110
38115
38119
38121
38128
38130
38138
38153
38163
38168
38184
38187
38188
38217
38220
38227
38235
38238
38241
38242
38260
38267
38268
38279
38290
38291
38293
38295
38299
38302
38304
38306
38315
38321
38327
38337
38346
38357
38360
38369
38371
38388
38399
38424
38426
38427
38435
38437
38438
38445
38451
38453
38472
38483
38484
38502
38508
38522
38525
38533
38550
38573
38586
38605
38613
38614
38622
38628
38629
38631
38635
38641
38647
38655
38665
38671
38672
38674
38682
38689
38690
38694
38705
38707
38721
38732
38738
38741
38743
38744
38752
38771
38777
38789
38793
38804
38812
38813
38815
38825
38830
38866
38874
38880
38888
38893
38895
38902
38903
38919
38921
38925
38953
38960
38971
38978
38983
38988
38989
38992
38995
39011
39012
39015
39023
39057
39078
39082
39089
39095
39096
39097
39109
39110
39111
39139
39143
39153
39161
39180
39186
39191
39211
39223
39240
39252
39255
39257
39260
39261
39272
39283
39290
39303
39305
39309
39315
39319
39322
39325
39342
39344
39348
39349
39350
39353
39360
39364
39366
39383
39388
39393
39401
39404
39407
39429
39434
39445
39449
39459
39470
39473
39474
39484
39486
39495
39497
39510
39512
39516
39517
39524
39525
39526
39534
39545
39553
39557
39558
39568
39583
39586
39597
39619
39622
39634
39638
39640
39653
39655
39657
39658
39662
39664
39666
39689
39695
39696
39705
39737
39746
39753
39759
39764
39769
39772
39775
39781
39783
39790
39792
39799
39802
39811
39817
39843
39846
39850
39862
39865
39867
39872
39877
39883
39889
39895
39915
39924
39927
39930
39942
39967
39976
39983
39989
40015
40016
40022
40023
40024
40034
40037
40042
40050
40055
40066
40068
40076
40087
40097
40098
40104
40106
40120
40123
40126
40128
40140
40141
40142
40148
40151
40153
40156
40162
40167
40169
40179
40180
40181
40186
40189
40195
40196
40212
40219
40229
40232
40236
40237
40238
40239
40249
40254
40256
40266
40272
40276
40290
40294
40295
40304
40306
40314
40319
40323
40332
40335
40337
40339
40359
40369
40370
40386
40393
40400
40401
40402
40403
40411
40424
40462
40465
40474
40481
40488
40490
40498
40500
40510
40534
40537
40540
40546
40551
40576
40586
40596
40606
40610
40615
40635
40639
40643
40644
40645
40659
40673
40676
40677
40680
40685
40713
40715
40719
40721
40723
40724
40741
40743
40762
40763
40766
40773
40775
40778
40779
40787
40799
40813
40850
40852
40859
40898
40918
40932
40933
40938
40941
40945
40946
40948
40950
40969
40982
41007
41018
41019
41020
41025
41028
41045
41075
41077
41085
41132
41139
41143
41152
41153
41156
41158
41161
41165
41167
41173
41174
41188
41203
41210
41219
41221
41227
41233
41241
41242
41279
41291
41298
41303
41317
41319
41331
41343
41349
41359
41372
41375
41376
41378
41380
41387
41388
41396
41397
41401
41402
41405
41408
41409
41432
41437
41438
41467
41469
41482
41487
41488
41494
41502
41508
41517
41535
41540
41542
41547
41548
41575
41577
41578
41580
41581
41593
41610
41612
41630
41634
41646
41661
41662
41674
41675
41676
41691
41703
41715
41720
41731
41734
41735
41737
41741
41744
41747
41751
41761
41763
41782
41797
41807
41833
41841
41844
41848
41853
41855
41885
41888
41893
41902
41922
41930
41933
41934
41945
41946
41949
41980
41986
42001
42006
42008
42019
42020
42023
42024
42039
42053
42056
42058
42062
42064
42066
42069
42078
42079
42080
42098
42100
42104
42108
42109
42112
42114
42115
42119
42138
42149
42161
42166
42177
42185
42201
42205
42207
42213
42230
42236
42255
42257
42264
42273
42278
42282
42289
42303
42323
42328
42341
42344
42345
42348
42351
42356
42360
42366
42374
42375
42382
42395
42405
42410
42419
42421
42427
42433
42447
42453
42465
42471
42476
42479
42493
42496
42498
42500
42507
42513
42515
42518
42540
42541
42545
42562
42571
42578
42579
42583
42590
42591
42605
42608
42627
42662
42665
42667
42668
42675
42677
42690
42695
42696
42706
42727
42731
42744
42749
42756
42762
42767
42769
42773
42786
42799
42808
42815
42825
42831
42843
42848
42861
42863
42865
42884
42892
42903
42908
42912
42916
42926
42927
42937
42942
42945
42954
42967
42977
42982
43001
43018
43024
43028
43056
43057
43070
43074
43077
43091
43092
43100
43103
43105
43115
43123
43130
43137
43139
43150
43154
43156
43163
43178
43184
43186
43221
43223
43232
43233
43236
43257
43258
43263
43274
43282
43297
43299
43319
43326
43332
43339
43340
43341
43346
43347
43357
43358
43374
43379
43380
43381
43391
43418
43426
43430
43431
43438
43440
43443
43446
43447
43455
43465
43473
43477
43481
43487
43491
43498
43499
43505
43519
43529
43544
43549
43552
43554
43568
43572
43573
43578
43582
43587
43590
43600
43602
43611
43619
43620
43634
43636
43649
43657
43662
43665
43667
43680
43683
43692
43697
43703
43712
43714
43718
43719
43721
43733
43734
43742
43749
43756
43764
43772
43789
43791
43793
43796
43806
43807
43809
43815
43820
43826
43827
43829
43834
43861
43870
43886
43889
43897
43907
43911
43915
43927
43930
43943
43945
43947
43949
43971
43979
43983
43990
44003
44004
44009
44014
44030
44033
44039
44049
44068
44069
44070
44088
44099
44107
44117
44126
44149
44176
44182
44184
44198
44203
44208
44214
44221
44223
44234
44239
44247
44250
44268
44288
44289
44292
44294
44300
44307
44312
44321
44322
44323
44334
44353
44360
44363
44365
44382
44391
44392
44400
44411
44413
44448
44451
44477
44478
44479
44481
44505
44510
44519
44532
44538
44540
44544
44546
44556
44560
44566
44572
44578
44581
44584
44585
44593
44595
44599
44600
44607
44614
44622
44625
44630
44638
44640
44642
44645
44646
44655
44663
44669
44692
44696
44715
44725
44734
44739
44750
44752
44764
44767
44774
44775
44776
44778
44780
44781
44785
44789
44791
44797
44798
44803
44808
44809
44817
44833
44836
44841
44851
44861
44881
44883
44893
44911
44926
44930
44932
44938
44939
44941
44952
44955
44959
44969
44975
44984
44995
44996
45004
45015
45016
45017
45031
45049
45053
45057
45063
45067
45070
45076
45085
45108
45113
45125
45127
45131
45139
45142
45143
45149
45155
45175
45180
45193
45194
45196
45198
45202
45213
45216
45218
45219
45229
45230
45240
45242
45254
45257
45258
45264
45276
45284
45291
45301
45319
45320
45324
45328
45348
45358
45369
45391
45410
45417
45428
45435
45440
45455
45473
45475
45487
45488
45508
45510
45518
45521
45531
45534
45539
45547
45548
45563
45565
45569
45572
45578
45579
45586
45601
45602
45616
45627
45634
45640
45644
45681
45687
45699
45702
45705
45709
45715
45717
45720
45724
45727
45746
45750
45759
45760
45763
45764
45767
45776
45783
45811
45819
45823
45828
45845
45857
45869
45879
45895
45896
45898
45908
45916
45918
45929
45932
45936
45941
45943
45966
45972
45976
45977
45994
45996
45998
45999
46001
46004
46006
46026
46034
46046
46048
46049
46056
46060
46063
46064
46074
46078
46082
46090
46098
46120
46123
46126
46135
46136
46139
46148
46152
46154
46155
46166
46172
46180
46189
46190
46198
46217
46223
46232
46234
46236
46238
46244
46251
46263
46268
46284
46287
46291
46300
46324
46330
46331
46340
46345
46348
46360
46366
46374
46377
46380
46384
46392
46394
46398
46403
46422
46434
46437
46445
46450
46455
46457
46466
46467
46471
46472
46481
46487
46489
46504
46508
46516
46521
46525
46527
46528
46547
46555
46559
46564
46569
46573
46588
46591
46610
46611
46614
46634
46654
46669
46673
46674
46692
46701
46703
46707
46716
46725
46733
46740
46743
46758
46761
46765
46767
46772
46773
46777
46787
46790
46801
46804
46835
46836
46838
46845
46849
46852
46855
46869
46880
46888
46891
46893
46894
46903
46904
46916
46920
46925
46933
46937
46953
46958
46960
46976
46978
46992
47000
47007
47012
47017
47022
47031
47042
47045
47052
47053
47067
47069
47073
47077
47089
47090
47094
47108
47117
47125
47131
47135
47145
47154
47161
47169
47174
47175
47189
47193
47203
47206
47207
47211
47213
47217
47230
47239
47257
47265
47279
47290
47306
47307
47309
47323
47329
47330
47333
47338
47361
47376
47392
47401
47405
47407
47414
47424
47425
47428
47438
47447
47454
47457
47459
47467
47469
47485
47496
47498
47500
47503
47504
47510
47514
47519
47521
47523
47540
47545
47546
47550
47557
47562
47579
47600
47609
47618
47622
47626
47628
47634
47635
47640
47652
47653
47660
47665
47692
47699
47711
47714
47715
47758
47759
47767
47768
47771
47786
47795
47798
47800
47803
47807
47819
47823
47830
47831
47842
47852
47860
47861
47863
47870
47874
47877
47884
47898
47901
47907
47909
47910
47928
47929
47949
47954
47956
47976
47996
48008
48014
48016
48025
48029
48044
48048
48075
48077
48083
48085
48086
48093
48099
48112
48113
48116
48122
48134
48137
48138
48143
48147
48149
48152
48160
48164
48171
48178
48180
48187
48196
48202
48204
48212
48227
48241
48248
48281
48291
48293
48296
48300
48310
48328
48343
48350
48371
48372
48383
48386
48406
48408
48411
48416
48423
48427
48429
48431
48442
48449
48451
48471
48477
48490
48492
48493
48499
48500
48530
48533
48534
48548
48565
48578
48591
48602
48612
48620
48621
48633
48641
48647
48650
48652
48673
48675
48676
48677
48687
48696
48708
48715
48727
48734
48737
48740
48743
48744
48758
48762
48765
48769
48772
48785
48796
48799
48802
48841
48852
48854
48856
48857
48870
48885
48914
48915
48917
48932
48935
48937
48941
48948
48993
49005
49008
49010
49019
49039
49044
49077
49079
49084
49087
49094
49121
49129
49135
49136
49143
49156
49159
49164
49174
49192
49197
49200
49202
49203
49219
49227
49233
49240
49241
49251
49258
49260
49274
49279
49285
49295
49300
49301
49308
49323
49345
49357
49372
49373
49374
49378
49380
49392
49396
49402
49404
49414
49422
49430
49431
49432
49463
49477
49486
49490
49497
49503
49516
49525
49539
49558
49562
49571
49575
49584
49587
49589
49596
49599
49616
49626
49634
49641
49645
49650
49664
49677
49681
49692
49696
49702
49704
49705
49714
49718
49722
49723
49726
49738
49741
49743
49747
49754
49769
49804
49821
49838
49844
49857
49864
49865
49869
49885
49892
49893
49903
49904
49906
49907
49909
49911
49932
49945
49956
49958
49969
49970
49972
49973
49989
49990
49993
49995
49999
50001
50005
50008
50011
50012
50017
50023
50054
50055
50056
50059
50065
50066
50070
50084
50087
50088
50091
50096
50109
50120
50124
50132
50149
50163
50171
50175
50180
50197
50222
50224
50235
50237
50242
50246
50252
50256
50258
50261
50281
50282
50284
50304
50307
50314
50318
50319
50323
50346
50360
50365
50368
50378
50387
50400
50410
50420
50434
50437
50439
50440
50454
50455
50464
50476
50500
50502
50509
50523
50529
50544
50548
50580
50583
50597
50605
50607
50621
50626
50627
50630
50637
50638
50641
50648
50654
50657
50659
50661
50683
50685
50690
50691
50703
50708
50710
50719
50729
50741
50747
50749
50766
50794
50798
50814
50817
50818
50819
50821
50825
50844
50845
50863
50872
50873
50875
50884
50886
50888
50896
50898
50904
50905
50912
50920
50923
50929
50941
50950
50951
50954
50963
50972
50992
51000
51003
51005
51006
51014
51029
51050
51051
51056
51063
51067
51083
51089
51091
51093
51094
51111
51122
51130
51133
51138
51158
51168
51171
51179
51182
51188
51200
51202
51213
51214
51223
51224
51229
51252
51256
51263
51268
51280
51284
51285
51288
51291
51298
51321
51339
51344
51346
51353
51358
51362
51374
51375
51384
51388
51389
51404
51406
51408
51409
51419
51422
51426
51435
51438
51445
51447
51453
51482
51488
51503
51506
51511
51512
51519
51524
51535
51536
51542
51582
51586
51593
51598
51606
51609
51619
51633
51637
51642
51653
51669
51682
51688
51691
51699
51702
51707
51708
51710
51714
51723
51737
51742
51744
51748
51749
51757
51759
51762
51769
51786
51787
51791
51792
51797
51800
51801
51802
51810
51811
51813
51814
51831
51832
51867
51873
51874
51881
51883
51887
51890
51894
51906
51908
51911
51924
51942
51953
51958
51991
52000
52016
52040
52061
52066
52067
52068
52082
52087
52093
52096
52100
52109
52117
52127
52130
52132
52134
52146
52157
52159
52164
52180
52181
52191
52195
52202
52208
52219
52221
52226
52229
52232
52258
52263
52264
52272
52289
52299
52300
52318
52324
52330
52338
52342
52350
52352
52356
52360
52367
52376
52383
52386
52390
52397
52400
52403
52404
52414
52418
52430
52432
52438
52441
52454
52458
52459
52469
52470
52475
52487
52498
52502
52515
52534
52536
52537
52544
52551
52553
52561
52562
52567
52569
52583
52586
52588
52615
52616
52621
52622
52630
52633
52647
52653
52656
52661
52664
52665
52670
52688
52693
52703
52704
52706
52737
52739
52743
52745
52746
52755
52773
52778
52789
52802
52809
52815
52816
52834
52835
52849
52856
52905
52915
52916
52921
52932
52937
52947
52954
52978
52986
52994
53005
53007
53016
53034
53054
53058
53064
53069
53077
53088
53100
53101
53110
53118
53129
53133
53136
53141
53148
53149
53155
53162
53166
53170
53172
53205
53208
53223
53229
53230
53233
53257
53264
53279
53288
53296
53297
53311
53323
53325
53330
53336
53337
53349
53352
53358
53360
53366
53369
53371
53375
53379
53380
53384
53387
53393
53395
53396
53407
53412
53415
53419
53429
53430
53431
53433
53444
53466
53473
53479
53483
53489
53495
53501
53515
53534
53540
53552
53556
53576
53588
53591
53600
53617
53618
53619
53620
53623
53642
53647
53648
53655
53663
53683
53687
53688
53694
53696
53707
53717
53723
53745
53748
53754
53763
53764
53784
53789
53795
53805
53816
53821
53831
53836
53839
53848
53851
53855
53888
53889
53896
53911
53922
53926
53933
53942
53962
53963
53974
53978
53981
53997
54000
54002
54015
54016
54019
54020
54021
54022
54040
54068
54096
54106
54111
54121
54137
54138
54142
54144
54145
54146
54150
54162
54165
54169
54171
54172
54202
54203
54224
54235
54245
54250
54252
54260
54267
54273
54275
54280
54293
54298
54304
54305
54314
54316
54329
54330
54335
54338
54341
54359
54367
54371
54383
54404
54413
54415
54421
54422
54427
54435
54442
54448
54459
54461
54462
54472
54475
54478
54482
54485
54488
54495
54496
54497
54510
54517
54536
54550
54552
54559
54560
54566
54567
54588
54610
54621
54622
54626
54628
54639
54648
54650
54651
54667
54710
54726
54765
54766
54767
54771
54778
54781
54793
54802
54811
54813
54825
54831
54834
54841
54849
54852
54878
54881
54889
54891
54897
54904
54919
54920
54923
54926
54927
54932
54946
54947
54949
54961
54977
54978
54983
54995
55008
55012
55027
55028
55030
55036
55039
55047
55052
55059
55064
55093
55097
55131
55135
55141
55143
55148
55170
55171
55172
55174
55180
55185
55187
55192
55195
55206
55207
55210
55216
55227
55244
55246
55249
55260
55272
55274
55275
55276
55280
55297
55312
55317
55323
55340
55355
55356
55405
55408
55416
55430
55460
55464
55470
55471
55486
55491
55495
55527
55542
55546
55553
55565
55574
55592
55605
55606
55615
55623
55626
55630
55632
55637
55638
55645
55649
55655
55673
55677
55678
55682
55686
55688
55691
55696
55698
55715
55722
55724
55727
55733
55742
55746
55750
55756
55758
55759
55770
55771
55777
55794
55797
55799
55805
55810
55827
55840
55843
55866
55867
55870
55879
55901
55919
55935
55960
55961
55970
55978
55980
55984
56013
56018
56020
56026
56029
56031
56035
56048
56049
56056
56057
56061
56062
56065
56069
56071
56076
56082
56083
56088
56092
56093
56095
56108
56110
56119
56121
56122
56136
56144
56146
56192
56194
56196
56198
56203
56208
56209
56210
56212
56271
56275
56300
56307
56308
56311
56318
56356
56360
56361
56368
56369
56370
56377
56378
56382
56384
56390
56401
56403
56410
56421
56432
56433
56435
56436
56437
56455
56459
56463
56467
56473
56477
56485
56488
56500
56512
56513
56526
56530
56548
56558
56566
56574
56575
56581
56584
56597
56611
56612
56641
56647
56653
56654
56660
56667
56672
56673
56674
56676
56677
56690
56694
56697
56700
56722
56734
56737
56740
56742
56748
56754
56759
56766
56779
56781
56787
56790
56803
56810
56837
56842
56849
56859
56865
56871
56880
56888
56893
56900
56903
56907
56912
56916
56922
56923
56924
56930
56948
56952
56961
56971
56973
56975
56976
56978
56992
57011
57023
57028
57035
57042
57043
57045
57054
57057
57062
57064
57074
57084
57093
57094
57104
57114
57115
57116
57133
57140
57145
57197
57204
57211
57213
57216
57218
57222
57234
57244
57253
57256
57259
57262
57268
57270
57271
57282
57284
57285
57287
57295
57296
57299
57302
57312
57319
57331
57333
57340
57341
57345
57348
57360
57376
57377
57380
57392
57398
57414
57417
57427
57432
57436
57437
57438
57460
57464
57465
57477
57478
57482
57501
57506
57512
57515
57517
57527
57531
57540
57541
57544
57547
57553
57566
57567
57570
57572
57573
57590
57594
57599
57604
57605
57611
57615
57630
57647
57652
57659
57688
57690
57693
57708
57710
57711
57717
57730
57735
57739
57740
57744
57748
57769
57771
57777
57780
57782
57788
57790
57800
57811
57813
57818
57827
57850
57858
57870
57886
57887
57893
57895
57910
57911
57921
57937
57938
57939
57949
57951
57952
57962
57970
57971
57977
57980
57981
57994
58011
58018
58021
58024
58027
58032
58039
58051
58052
58059
58073
58081
58089
58092
58107
58108
58114
58116
58119
58124
58131
58138
58141
58142
58147
58157
58161
58162
58163
58172
58178
58180
58185
58191
58199
58208
58222
58223
58228
58235
58246
58252
58255
58261
58262
58269
58271
58272
58285
58289
58294
58296
58299
58302
58304
58316
58323
58324
58331
58335
58340
58402
58415
58418
58426
58457
58463
58466
58467
58468
58480
58483
58486
58490
58500
58507
58512
58514
58526
58527
58529
58532
58535
58536
58541
58543
58550
58551
58554
58555
58557
58558
58560
58561
58570
58572
58575
58579
58581
58586
58597
58609
58614
58619
58642
58646
58658
58660
58661
58662
58665
58670
58674
58675
58689
58692
58705
58718
58723
58733
58734
58743
58746
58750
58751
58754
58755
58757
58758
58775
58778
58788
58792
58811
58816
58818
58837
58846
58848
58849
58852
58854
58856
58859
58861
58873
58883
58888
58889
58890
58897
58902
58910
58916
58919
58922
58924
58935
58938
58941
58949
58960
58967
58968
58976
58980
58981
58986
58987
58990
58999
59025
59030
59035
59044
59049
59051
59064
59068
59071
59086
59096
59097
59098
59102
59124
59135
59148
59153
59168
59172
59173
59184
59187
59194
59196
59200
59206
59222
59226
59228
59242
59248
59256
59269
59271
59282
59289
59291
59302
59305
59308
59320
59322
59325
59333
59345
59346
59347
59357
59358
59359
59362
59364
59365
59371
59382
59391
59404
59410
59411
59419
59423
59426
59440
59441
59464
59465
59467
59470
59472
59494
59506
59535
59550
59553
59554
59559
59564
59590
59593
59600
59613
59627
59630
59639
59645
59662
59667
59673
59676
59684
59700
59701
59707
59709
59715
59717
59722
59723
59736
59743
59748
59757
59785
59786
59813
59816
59832
59838
59840
59843
59850
59862
59881
59890
59900
59908
59910
59923
59928
59932
59954
59955
59956
59959
59967
59975
59978
59985
59988
60005
60007
60010
60012
60016
60029
60043
60049
60064
60082
60083
60090
60101
60103
60106
60112
60115
60117
60118
60124
60127
60158
60160
60161
60165
60175
60193
60194
60196
60201
60206
60245
60257
60262
60264
60265
60270
60277
60282
60284
60296
60297
60303
60307
60314
60318
60322
60329
60336
60340
60341
60364
60377
60378
60379
60386
60391
60395
60398
60399
60402
60412
60423
60424
60429
60431
60432
60451
60457
60464
60470
60484
60487
60490
60491
60494
60506
60507
60514
60515
60520
60534
60554
60560
60561
60573
60576
60582
60600
60602
60619
60622
60623
60627
60630
60631
60633
60650
60652
60654
60676
60682
60701
60711
60714
60717
60734
60735
60737
60738
60760
60764
60766
60774
60804
60817
60818
60820
60826
60827
60847
60857
60862
60865
60868
60871
60872
60876
60880
60883
60884
60888
60893
60894
60900
60953
60958
60961
60966
60967
60970
60977
60978
60979
60980
60987
60991
60999
61000
61005
61010
61012
61020
61021
61024
61029
61035
61050
61066
61086
61088
61097
61100
61101
61132
61137
61138
61154
61156
61176
61183
61184
61190
61191
61195
61198
61202
61203
61210
61216
61221
61225
61239
61250
61259
61272
61299
61302
61333
61334
61340
61341
61349
61365
61371
61377
61381
61388
61389
61390
61394
61395
61410
61417
61418
61420
61421
61423
61431
61438
61448
61455
61458
61464
61472
61487
61489
61491
61493
61494
61506
61520
61546
61557
61559
61562
61570
61580
61582
61585
61599
61605
61610
61612
61618
61637
61638
61646
61661
61663
61665
61671
61675
61678
61682
61683
61694
61696
61708
61714
61715
61717
61721
61722
61723
61725
61727
61738
61763
61766
61769
61771
61775
61784
61797
61799
61814
61819
61838
61840
61844
61868
61876
61878
61883
61884
61886
61912
61920
61935
61938
61939
61946
61961
61968
61970
62007
62010
62014
62032
62047
62053
62055
62056
62076
62079
62083
62084
62096
62099
62115
62131
62134
62138
62149
62153
62160
62162
62166
62178
62184
62185
62210
62233
62256
62273
62285
62287
62297
62304
62307
62314
62324
62329
62338
62343
62352
62360
62367
62388
62392
62405
62406
62409
62418
62419
62424
62428
62431
62432
62436
62440
62442
62445
62454
62481
62483
62491
62492
62499
62502
62503
62507
62513
62515
62521
62524
62527
62528
62531
62542
62545
62549
62552
62560
62562
62590
62594
62603
62608
62626
62637
62641
62645
62652
62664
62673
62681
62682
62701
62718
62722
62737
62740
62760
62764
62766
62773
62784
62786
62794
62795
62802
62804
62805
62808
62813
62818
62825
62830
62835
62841
62842
62845
62850
62853
62855
62858
62871
62872
62880
62887
62897
62915
62920
62923
62929
62933
62936
62944
62945
62949
62950
62959
62963
62976
62982
62993
62994
62995
63017
63058
63063
63080
63083
63086
63097
63101
63105
63114
63115
63120
63129
63135
63141
63147
63174
63176
63181
63182
63193
63200
63202
63211
63212
63214
63217
63218
63219
63225
63230
63237
63251
63253
63257
63264
63270
63279
63281
63287
63288
63296
63303
63309
63312
63315
63320
63326
63331
63332
63338
63340
63341
63350
63353
63373
63397
63409
63424
63430
63434
63440
63447
63450
63452
63454
63456
63458
63464
63467
63468
63472
63480
63490
63500
63504
63511
63516
63532
63534
63535
63538
63545
63546
63548
63558
63559
63565
63571
63579
63582
63586
63592
63602
63617
63618
63619
63640
63642
63643
63649
63650
63661
63676
63677
63681
63682
63685
63690
63692
63695
63697
63698
63709
63717
63724
63731
63741
63747
63749
63777
63785
63786
63793
63811
63823
63844
63848
63853
63856
63861
63878
63879
63891
63896
63902
63917
63919
63924
63926
63932
63936
63937
63938
63941
63957
63980
63983
63984
64016
64028
64030
64038
64054
64061
64064
64070
64091
64111
64113
64122
64123
64131
64133
64134
64136
64142
64143
64144
64154
64158
64160
64163
64178
64179
64192
64196
64202
64207
64211
64220
64226
64234
64235
64247
64248
64255
64268
64273
64274
64278
64292
64307
64310
64315
64325
64330
64334
64337
64344
64352
64365
64378
64398
64420
64433
64434
64441
64442
64459
64460
64464
64465
64467
64469
64477
64485
64511
64514
64515
64529
64567
64571
64573
64580
64585
64586
64593
64597
64601
64605
64607
64618
64629
64635
64637
64638
64640
64648
64658
64663
64664
64665
64670
64673
64679
64697
64708
64719
64724
64726
64729
64742
64745
64755
64757
64758
64766
64775
64777
64778
64786
64794
64796
64797
64816
64832
64833
64853
64860
64863
64868
64869
64870
64875
64880
64888
64898
64913
64932
64939
64943
64959
64968
64975
64977
64978
64986
64989
64991
65002
65006
65008
65016
65022
65029
65037
65038
65062
65069
65072
65074
65083
65088
65092
65096
65109
65116
65118
65125
65151
65153
65156
65161
65163
65169
65209
65211
65216
65217
65230
65236
65275
65279
65287
65288
65289
65290
65292
65296
65306
65307
65316
65320
65325
65326
65328
65329
65337
65338
65339
65346
65356
65374
65375
65376
65387
65395
65428
65446
65449
65473
65476
65477
65483
65491
65492
65501
65504
65506
65515
65520
65527
65535
65540
65542
65556
65557
65565
65575
65576
65578
65580
65583
65596
65603
65609
65610
65614
65618
65627
65629
65655
65658
65666
65679
65692
65693
65701
65707
65711
65714
65721
65726
65729
65745
65761
65764
65766
65775
65778
65794
65798
65801
65802
65806
65809
65827
65833
65836
65844
65849
65852
65858
65866
65871
65872
65885
65890
65893
65894
65895
65898
65900
65902
65920
65927
65929
65946
65947
65948
65950
65954
65967
65973
65974
65999
66014
66031
66045
66052
66057
66059
66067
66069
66072
66079
66083
66096
66097
66098
66103
66112
66123
66126
66136
66137
66139
66148
66150
66166
66167
66171
66175
66182
66188
66197
66212
66222
66233
66238
66239
66244
66253
66254
66261
66269
66272
66275
66295
66297
66302
66306
66307
66325
66341
66353
66370
66382
66400
66404
66407
66411
66427
66443
66462
66463
66476
66497
66499
66506
66507
66529
66540
66544
66561
66565
66572
66581
66592
66593
66604
66605
66608
66614
66618
66633
66644
66647
66658
66660
66665
66666
66667
66669
66672
66683
66684
66688
66692
66695
66705
66706
66720
66728
66736
66742
66749
66750
66752
66762
66767
66774
66775
66782
66788
66789
66811
66828
66831
66835
66858
66861
66866
66870
66910
66911
66913
66921
66922
66924
66933
66944
66945
66950
66955
66959
66960
66965
66976
67018
67025
67028
67033
67034
67042
67044
67068
67071
67075
67079
67087
67088
67095
67102
67108
67120
67131
67138
67141
67143
67145
67148
67149
67150
67151
67159
67167
67172
67173
67186
67190
67193
67205
67216
67220
67230
67241
67246
67247
67248
67258
67260
67265
67271
67288
67295
67301
67309
67314
67322
67327
67331
67339
67342
67348
67379
67382
67383
67386
67387
67391
67405
67408
67412
67421
67426
67430
67435
67444
67451
67483
67488
67489
67491
67497
67504
67513
67516
67527
67529
67532
67535
67552
67555
67556
67558
67559
67579
67592
67599
67606
67611
67625
67646
67649
67653
67654
67656
67659
67660
67694
67707
67710
67712
67717
67719
67730
67736
67737
67750
67755
67760
67772
67776
67782
67783
67788
67798
67801
67805
67815
67823
67834
67843
67846
67850
67854
67855
67860
67861
67865
67867
67869
67883
67895
67900
67906
67911
67912
67921
67922
67940
67949
67954
67961
67965
67966
67972
67980
67983
67985
67987
67988
68008
68009
68015
68028
68032
68043
68053
68059
68078
68081
68082
68090
68093
68101
68103
68106
68107
68110
68117
68124
68126
68133
68135
68149
68163
68174
68182
68199
68217
68231
68253
68255
68258
68260
68267
68271
68279
68293
68305
68306
68310
68313
68323
68324
68327
68353
68360
68368
68369
68377
68387
68388
68389
68413
68420
68425
68435
68449
68451
68452
68454
68474
68491
68504
68511
68515
68522
68523
68527
68528
68533
68542
68547
68549
68551
68565
68569
68580
68588
68592
68594
68603
68610
68618
68623
68628
68661
68664
68677
68683
68688
68704
68721
68725
68728
68734
68736
68757
68774
68781
68784
68808
68815
68820
68821
68845
68858
68877
68878
68884
68888
68890
68891
68898
68900
68906
68907
68913
68914
68923
68924
68930
68931
68936
68939
68954
68960
68966
68967
68980
68986
68989
68990
68991
69018
69019
69029
69049
69066
69068
69075
69078
69085
69088
69102
69103
69115
69117
69118
69119
69135
69142
69150
69154
69161
69167
69169
69171
69172
69187
69189
69192
69200
69206
69225
69227
69229
69233
69234
69238
69245
69248
69252
69263
69274
69282
69300
69320
69321
69326
69327
69332
69337
69374
69377
69381
69386
69389
69395
69416
69420
69421
69435
69449
69451
69454
69458
69464
69466
69476
69477
69482
69496
69498
69502
69505
69508
69512
69519
69528
69532
69535
69559
69561
69601
69605
69606
69608
69609
69618
69628
69650
69652
69661
69663
69675
69677
69678
69712
69738
69741
69745
69748
69750
69755
69764
69767
69771
69779
69781
69792
69793
69799
69802
69807
69808
69815
69820
69822
69826
69833
69836
69842
69846
69848
69858
69864
69890
69893
69898
69909
69910
69920
69927
69939
69945
69961
69963
69971
69977
69993
70004
70015
70019
70022
70025
70027
70030
70046
70049
70067
70069
70071
70081
70091
70096
70099
70103
70107
70115
70143
70152
70155
70156
70169
70182
70202
70221
70225
70235
70248
70272
70274
70275
70279
70280
70281
70288
70296
70298
70311
70317
70323
70331
70344
70348
70352
70359
70360
70375
70392
70402
70412
70431
70447
70475
70487
70490
70494
70503
70505
70509
70511
70518
70530
70533
70537
70568
70577
70594
70609
70617
70660
70678
70688
70721
70723
70744
70751
70754
70756
70757
70777
70784
70797
70798
70802
70805
70807
70810
70815
70831
70839
70841
70843
70844
70845
70855
70885
70886
70911
70924
70926
70933
70943
70947
70950
70951
70956
70960
70961
70962
70965
70973
70983
70998
71005
71012
71015
71020
71033
71034
71041
71046
71055
71057
71058
71060
71066
71071
71080
71084
71085
71091
71092
71105
71118
71124
71125
71126
71132
71134
71142
71149
71155
71161
71175
71178
71187
71195
71211
71218
71226
71234
71239
71253
71256
71265
71271
71286
71291
71296
71302
71334
71335
71343
71354
71355
71360
71364
71370
71372
71374
71379
71387
71389
71405
71411
71441
71447
71451
71452
71453
71462
71467
71477
71487
71490
71497
71498
71499
71501
71516
71517
71523
71524
71533
71538
71543
71550
71572
71589
71602
71603
71611
71617
71621
71623
71631
71636
71637
71644
71646
71648
71658
71662
71673
71678
71694
71699
71718
71720
71728
71731
71732
71743
71751
71760
71762
71764
71768
71770
71771
71784
71793
71806
71809
71815
71828
71831
71833
71851
71863
71864
71869
71870
71887
71891
71895
71896
71898
71903
71913
71914
71936
71938
71962
71964
71967
71968
71982
71986
71993
72005
72010
72011
72022
72027
72028
72030
72054
72057
72062
72076
72081
72087
72104
72112
72113
72130
72151
72153
72154
72163
72167
72168
72171
72172
72174
72175
72184
72189
72194
72203
72207
72209
72213
72215
72243
72255
72260
72262
72264
72298
72301
72302
72349
72355
72356
72358
72359
72378
72393
72396
72398
72403
72418
72422
72425
72438
72446
72453
72456
72459
72472
72475
72487
72491
72500
72507
72518
72520
72542
72553
72556
72566
72567
72586
72590
72605
72609
72613
72615
72634
72641
72647
72651
72656
72663
72664
72682
72683
72689
72691
72692
72697
72699
72712
72713
72716
72724
72730
72732
72747
72749
72750
72751
72761
72771
72779
72801
72805
72813
72823
72825
72829
72836
72851
72853
72876
72880
72886
72889
72897
72899
72911
72920
72931
72936
72938
72940
72947
72948
72957
72967
72969
72971
72977
72992
73011
73013
73017
73019
73039
73046
73051
73057
73084
73088
73114
73123
73132
73141
73149
73173
73177
73191
73200
73201
73202
73215
73233
73242
73244
73248
73255
73273
73277
73286
73287
73291
73300
73302
73315
73321
73322
73324
73328
73347
73387
73388
73393
73405
73407
73419
73448
73467
73496
73499
73500
73502
73505
73507
73527
73529
73539
73549
73561
73566
73582
73585
73590
73594
73603
73608
73615
73618
73619
73625
73626
73637
73641
73655
73660
73666
73670
73674
73681
73683
73686
73689
73690
73698
73701
73704
73727
73743
73747
73751
73758
73759
73760
73765
73779
73787
73793
73794
73803
73809
73811
73814
73818
73820
73823
73829
73838
73844
73851
73857
73864
73873
73879
73892
73897
73899
73901
73907
73910
73925
73927
73935
73949
73952
73957
73961
73964
73972
73984
73985
73990
73998
74020
74023
74029
74032
74039
74046
74061
74071
74079
74085
74090
74106
74112
74114
74134
74140
74148
74154
74164
74175
74184
74187
74191
74213
74228
74229
74236
74242
74271
74272
74273
74274
74275
74284
74301
74303
74306
74314
74317
74318
74322
74342
74351
74353
74373
74379
74387
74400
74415
74417
74422
74426
74427
74428
74434
74438
74441
74446
74450
74465
74467
74475
74477
74479
74483
74490
74501
74505
74506
74524
74525
74531
74532
74535
74545
74550
74557
74560
74562
74564
74574
74577
74594
74600
74601
74606
74620
74622
74623
74624
74628
74632
74633
74637
74651
74659
74667
74679
74680
74697
74701
74706
74708
74709
74710
74716
74718
74723
74734
74739
74740
74759
74770
74797
74807
74808
74815
74817
74820
74824
74831
74839
74869
74880
74881
74882
74884
74890
74899
74902
74903
74906
74907
74909
74916
74923
74937
74960
74966
74972
74975
74982
74987
74991
74993
74994
75024
75025
75028
75045
75049
75050
75055
75071
75075
75076
75077
75089
75100
75102
75106
75108
75113
75114
75122
75123
75124
75130
75134
75171
75175
75176
75178
75181
75188
75192
75193
75206
75211
75213
75218
75227
75233
75236
75241
75259
75261
75265
75269
75289
75297
75300
75302
75308
75309
75317
75333
75336
75337
75339
75348
75363
75379
75389
75398
75402
75403
75414
75416
75424
75430
75431
75434
75437
75457
75460
75473
75475
75476
75481
75483
75491
75498
75503
75507
75513
75518
75522
75529
75531
75532
75547
75577
75579
75592
75600
75620
75621
75623
75659
75664
75665
75669
75672
75678
75681
75691
75697
75703
75710
75715
75723
75729
75735
75740
75750
75766
75771
75776
75778
75779
75795
75817
75818
75821
75823
75826
75840
75857
75859
75872
75875
75883
75884
75888
75897
75906
75916
75921
75933
75934
75937
75938
75940
75949
75954
75955
75960
75965
75971
75979
75983
75987
75989
75995
75996
76002
76004
76009
76018
76026
76041
76044
76065
76068
76079
76091
76097
76102
76108
76114
76121
76127
76145
76162
76173
76176
76184
76193
76194
76199
76202
76216
76238
76249
76250
76255
76281
76284
76286
76299
76313
76315
76334
76347
76363
76366
76373
76375
76383
76395
76399
76404
76405
76419
76436
76441
76447
76461
76477
76478
76479
76499
76516
76524
76526
76541
76571
76575
76587
76593
76598
76603
76613
76616
76619
76626
76637
76648
76655
76656
76660
76666
76674
76689
76694
76696
76700
76701
76705
76723
76732
76743
76757
76758
76768
76782
76792
76800
76801
76802
76804
76829
76844
76846
76852
76858
76862
76865
76868
76874
76880
76881
76882
76888
76901
76902
76905
76913
76915
76917
76931
76932
76938
76944
76950
76952
76955
76956
76957
76959
76960
76961
76976
76978
76983
76987
77000
77003
77004
77005
77014
77022
77024
77027
77034
77041
77072
77079
77081
77091
77095
77098
77124
77139
77142
77146
77152
77156
77160
77167
77169
77175
77177
77181
77186
77187
77196
77211
77216
77224
77235
77241
77248
77258
77259
77308
77313
77317
77321
77332
77341
77344
77352
77381
77387
77389
77395
77410
77418
77429
77431
77460
77465
77478
77481
77503
77511
77515
77526
77527
77539
77541
77545
77547
77557
77559
77560
77566
77568
77569
77573
77582
77602
77605
77626
77629
77635
77647
77651
77653
77655
77657
77672
77676
77678
77689
77693
77716
77718
77725
77742
77745
77752
77757
77758
77770
77775
77780
77795
77799
77805
77807
77811
77821
77834
77840
77863
77874
77875
77877
77896
77909
77911
77912
77913
77917
77926
77929
77940
77948
77961
77970
77975
77990
78004
78007
78022
78049
78066
78081
78110
78112
78114
78127
78130
78154
78161
78184
78192
78197
78203
78208
78217
78221
78224
78229
78232
78241
78253
78268
78275
78280
78310
78319
78320
78350
78355
78359
78367
78370
78371
78381
78393
78425
78452
78465
78480
78487
78489
78499
78502
78524
78526
78527
78528
78554
78557
78574
78585
78598
78613
78620
78625
78627
78629
78644
78653
78660
78668
78669
78677
78688
78700
78703
78721
78730
78734
78739
78744
78748
78775
78781
78782
78786
78788
78809
78820
78843
78844
78855
78863
78866
78873
78874
78877
78879
78881
78891
78897
78900
78903
78912
78917
78934
78942
78949
78958
78961
78963
78965
78966
78975
78992
79002
79014
79017
79021
79024
79026
79028
79032
79039
79062
79087
79088
79114
79119
79137
79153
79154
79160
79164
79177
79196
79202
79230
79231
79232
79237
79246
79261
79262
79268
79279
79280
79282
79283
79288
79290
79292
79295
79297
79301
79307
79314
79320
79322
79328
79336
79340
79359
79378
79379
79381
79391
79392
79396
79397
79403
79412
79418
79420
79421
79425
79426
79435
79466
79476
79485
79496
79504
79508
79514
79529
79537
79539
79543
79544
79553
79556
79559
79569
79584
79586
79589
79594
79607
79616
79625
79628
79633
79637
79639
79641
79654
79675
79676
79678
79683
79692
79694
79705
79720
79721
79732
79737
79741
79745
79746
79748
79763
79767
79784
79821
79826
79833
79840
79845
79856
79870
79871
79883
79884
79895
79897
79899
79921
79926
79934
79936
79940
79957
79962
79963
79979
79980
80000
80004
80012
80016
80020
80025
80045
80058
80063
80067
80069
80073
80075
80076
80082
80097
80117
80124
80137
80139
80143
80146
80150
80155
80156
80160
80165
80174
80181
80182
80190
80193
80199
80214
80224
80228
80233
80236
80238
80247
80256
80257
80260
80263
80266
80274
80293
80295
80315
80318
80322
80334
80340
80341
80347
80355
80357
80363
80364
80375
80391
80392
80397
80401
80402
80404
80409
80414
80435
80436
80437
80454
80477
80479
80483
80489
80501
80509
80514
80527
80535
80537
80538
80540
80551
80567
80569
80576
80578
80582
80584
80593
80602
80609
80611
80615
80618
80619
80626
80627
80640
80645
80650
80651
80654
80657
80660
80668
80670
80676
80679
80690
80707
80709
80712
80720
80726
80735
80739
80745
80751
80760
80761
80775
80782
80783
80786
80790
80802
80812
80852
80859
80865
80866
80867
80871
80876
80877
80878
80886
80890
80891
80908
80917
80924
80937
80939
80942
80950
80952
80955
80972
80973
80974
80977
80984
81001
81026
81029
81036
81039
81043
81045
81051
81076
81082
81086
81101
81117
81119
81122
81124
81127
81134
81153
81156
81168
81176
81180
81193
81201
81203
81217
81220
81223
81227
81243
81253
81254
81270
81271
81275
81279
81293
81294
81301
81306
81312
81316
81318
81321
81347
81351
81359
81362
81363
81374
81376
81400
81405
81406
81407
81408
81410
81411
81430
81433
81441
81443
81446
81466
81482
81484
81487
81498
81502
81509
81512
81513
81515
81517
81530
81537
81548
81549
81558
81559
81561
81562
81566
81575
81576
81580
81581
81589
81599
81603
81617
81626
81627
81631
81633
81642
81657
81664
81667
81670
81671
81672
81673
81682
81688
81690
81697
81699
81711
81712
81716
81720
81730
81731
81734
81743
81774
81776
81786
81790
81797
81804
81807
81812
81818
81823
81836
81838
81839
81848
81854
81859
81862
81876
81887
81908
81909
81915
81923
81934
81938
81940
81946
81961
81977
81985
82003
82004
82010
82022
82035
82040
82060
82064
82071
82076
82101
82111
82118
82119
82124
82131
82139
82152
82153
82155
82162
82170
82178
82185
82221
82222
82230
82241
82249
82254
82262
82263
82266
82270
82275
82285
82295
82296
82299
82306
82308
82315
82323
82324
82327
82329
82345
82350
82359
82360
82368
82378
82380
82397
82408
82416
82422
82430
82449
82452
82454
82456
82462
82476
82492
82499
82506
82514
82523
82532
82546
82548
82551
82557
82568
82585
82589
82599
82601
82604
82629
82636
82643
82644
82659
82664
82668
82678
82679
82684
82694
82697
82705
82710
82711
82716
82737
82753
82762
82772
82774
82809
82810
82823
82853
82863
82867
82870
82873
82877
82885
82886
82889
82901
82904
82909
82915
82919
82925
82929
82941
82951
82954
82969
82982
82992
82994
83009
83023
83034
83040
83051
83053
83057
83067
83070
83071
83072
83075
83077
83082
83085
83094
83103
83105
83107
83115
83120
83122
83138
83141
83143
83145
83149
83165
83168
83171
83183
83185
83186
83195
83202
83237
83248
83250
83256
83259
83261
83274
83280
83283
83292
83295
83302
83304
83305
83311
83344
83359
83362
83364
83380
83384
83388
83392
83400
83404
83409
83415
83423
83428
83430
83431
83435
83436
83440
83444
83449
83453
83458
83459
83475
83481
83490
83494
83501
83521
83533
83535
83536
83552
83558
83566
83568
83571
83575
83590
83598
83603
83627
83628
83637
83645
83654
83660
83670
83683
83686
83687
83701
83707
83716
83721
83723
83724
83734
83745
83750
83751
83752
83756
83758
83761
83767
83769
83774
83777
83783
83790
83792
83829
83839
83852
83854
83865
83871
83872
83890
83907
83913
83926
83936
83973
83976
83980
83981
83991
83997
83998
84028
84030
84034
84038
84045
84058
84070
84072
84084
84092
84096
84098
84101
84104
84107
84118
84127
84130
84132
84140
84146
84148
84152
84164
84165
84171
84202
84216
84232
84237
84246
84248
84250
84255
84256
84258
84259
84261
84276
84281
84282
84284
84286
84293
84303
84311
84313
84315
84317
84319
84325
84326
84327
84329
84330
84332
84345
84359
84360
84372
84381
84382
84387
84395
84401
84402
84405
84409
84413
84415
84417
84422
84460
84483
84490
84500
84504
84518
84520
84524
84534
84535
84551
84560
84568
84570
84575
84577
84580
84589
84593
84601
84605
84608
84617
84624
84631
84634
84636
84638
84642
84646
84651
84652
84661
84664
84679
84688
84690
84695
84699
84704
84709
84718
84729
84731
84734
84742
84751
84755
84758
84767
84781
84787
84789
84799
84802
84805
84815
84817
84821
84826
84828
84837
84855
84860
84868
84878
84879
84886
84888
84896
84897
84899
84920
84922
84931
84932
84941
84946
84949
84953
84966
84977
84984
84988
84991
85000
85005
85007
85015
85034
85046
85054
85067
85074
85077
85081
85084
85087
85099
85116
85141
85147
85151
85163
85168
85176
85187
85188
85198
85203
85204
85210
85214
85216
85228
85229
85231
85232
85241
85244
85250
85263
85270
85291
85299
85315
85324
85338
85343
85349
85353
85370
85371
85374
85388
85392
85394
85403
85412
85416
85423
85428
85435
85437
85463
85470
85477
85489
85494
85502
85513
85515
85516
85519
85521
85523
85538
85548
85561
85564
85585
85587
85593
85615
85622
85633
85635
85636
85642
85643
85645
85655
85659
85668
85678
85693
85700
85702
85705
85709
85720
85734
85758
85764
85775
85784
85789
85798
85811
85826
85835
85841
85847
85848
85850
85868
85874
85882
85887
85895
85898
85901
85904
85913
85923
85927
85930
85933
85935
85940
85941
85956
85961
85963
85969
85973
85976
85979
85981
85986
85993
85994
86000
86008
86019
86036
86038
86049
86051
86074
86093
86104
86117
86137
86150
86155
86156
86157
86171
86183
86194
86199
86202
86204
86215
86216
86219
86223
86224
86232
86238
86244
86247
86251
86253
86264
86266
86277
86278
86279
86289
86295
86300
86305
86310
86325
86339
86344
86345
86347
86348
86349
86353
86358
86360
86374
86383
86392
86396
86407
86424
86429
86433
86437
86443
86444
86451
86461
86467
86484
86495
86498
86510
86535
86537
86540
86543
86544
86565
86578
86580
86582
86595
86599
86611
86616
86621
86623
86632
86635
86638
86648
86665
86668
86673
86675
86676
86680
86683
86693
86696
86702
86704
86707
86711
86725
86730
86737
86757
86765
86766
86767
86770
86779
86801
86814
86817
86823
86825
86831
86835
86838
86851
86852
86859
86861
86867
86868
86870
86897
86898
86906
86909
86923
86925
86930
86968
86979
86985
87010
87015
87017
87023
87041
87045
87048
87065
87066
87069
87074
87075
87081
87090
87097
87100
87106
87117
87128
87134
87144
87154
87155
87158
87164
87167
87168
87179
87194
87195
87215
87220
87225
87234
87238
87262
87265
87271
87282
87284
87289
87295
87296
87300
87305
87307
87310
87315
87321
87334
87343
87347
87350
87351
87355
87357
87359
87374
87419
87420
87421
87425
87428
87443
87444
87458
87459
87467
87476
87477
87484
87510
87514
87517
87527
87542
87544
87547
87551
87559
87564
87568
87569
87570
87577
87582
87587
87592
87603
87608
87610
87612
87615
87624
87638
87641
87658
87661
87666
87668
87672
87674
87679
87684
87687
87705
87707
87717
87729
87730
87731
87736
87758
87759
87763
87770
87780
87782
87788
87793
87798
87799
87814
87815
87818
87819
87823
87839
87854
87855
87861
87862
87895
87898
87900
87905
87920
87926
87929
87932
87935
87942
87949
87963
87965
87970
87971
87997
88006
88040
88048
88056
88070
88081
88085
88089
88094
88100
88102
88109
88110
88118
88128
88129
88143
88144
88150
88197
88210
88215
88216
88223
88229
88232
88236
88238
88257
88261
88272
88275
88292
88293
88308
88324
88326
88331
88340
88344
88348
88352
88370
88374
88379
88382
88385
88395
88398
88400
88418
88424
88425
88426
88428
88442
88447
88448
88449
88451
88471
88476
88477
88504
88509
88515
88525
88530
88556
88561
88567
88571
88575
88576
88578
88583
88591
88603
88619
88629
88634
88648
88649
88656
88666
88668
88675
88684
88686
88691
88695
88696
88697
88698
88715
88722
88737
88742
88747
88750
88752
88758
88759
88761
88768
88777
88780
88798
88803
88813
88818
88825
88835
88837
88839
88840
88841
88843
88852
88853
88861
88880
88886
88890
88909
88910
88919
88922
88925
88928
88931
88933
88943
88945
88952
88966
88987
89000
89006
89007
89012
89016
89031
89036
89045
89058
89060
89061
89072
89084
89086
89097
89104
89108
89110
89121
89123
89128
89132
89145
89163
89185
89208
89212
89225
89233
89236
89243
89273
89274
89276
89278
89302
89311
89319
89320
89322
89323
89326
89337
89339
89354
89356
89362
89370
89376
89377
89378
89387
89390
89392
89396
89399
89405
89412
89421
89425
89434
89441
89443
89444
89452
89456
89464
89470
89471
89476
89483
89485
89487
89490
89503
89506
89519
89521
89530
89533
89546
89550
89558
89562
89567
89579
89580
89581
89589
89598
89601
89605
89609
89620
89630
89631
89632
89638
89639
89642
89648
89664
89671
89676
89677
89690
89706
89712
89714
89723
89727
89730
89734
89750
89751
89782
89785
89803
89804
89821
89837
89843
89845
89848
89849
89855
89857
89858
89868
89877
89882
89885
89886
89887
89890
89893
89909
89917
89918
89920
89925
89927
89944
89957
89958
89962
89968
89970
90008
90011
90012
90015
90027
90028
90029
90032
90042
90048
90051
90061
90078
90093
90105
90111
90125
90132
90143
90146
90159
90169
90173
90189
90193
90196
90202
90233
90241
90250
90258
90262
90282
90285
90286
90289
90296
90317
90320
90323
90343
90344
90354
90361
90364
90365
90374
90379
90384
90405
90410
90425
90426
90431
90432
90433
90438
90448
90449
90455
90456
90461
90466
90467
90472
90473
90476
90477
90486
90487
90492
90497
90500
90506
90508
90515
90521
90529
90532
90538
90539
90544
90552
90556
90563
90566
90567
90575
90584
90590
90609
90611
90622
90643
90650
90663
90665
90670
90678
90701
90711
90722
90734
90739
90740
90746
90749
90760
90761
90763
90766
90775
90798
90810
90813
90828
90838
90850
90854
90873
90886
90888
90890
90895
90897
90901
90907
90925
90926
90933
90935
90937
90939
90945
90946
90968
90976
90983
90986
91004
91008
91014
91027
91029
91040
91044
91045
91048
91049
91054
91055
91056
91077
91084
91102
91103
91113
91122
91138
91140
91145
91153
91156
91161
91177
91191
91205
91207
91211
91213
91219
91220
91228
91231
91235
91241
91250
91259
91288
91289
91309
91313
91322
91323
91324
91327
91338
91347
91349
91364
91366
91390
91393
91397
91400
91405
91407
91412
91420
91421
91425
91446
91456
91468
91470
91475
91476
91527
91536
91552
91560
91567
91571
91579
91587
91597
91600
91601
91604
91620
91629
91635
91650
91656
91659
91664
91680
91685
91694
91710
91712
91723
91735
91744
91745
91750
91755
91764
91778
91783
91788
91792
91795
91803
91807
91814
91816
91842
91847
91854
91861
91875
91880
91883
91884
91890
91902
91903
91912
91924
91933
91949
91951
91955
91957
91963
91987
92015
92022
92023
92035
92045
92048
92050
92059
92061
92070
92084
92085
92086
92097
92110
92140
92142
92148
92150
92152
92153
92158
92163
92170
92172
92181
92204
92207
92210
92216
92231
92233
92246
92250
92255
92273
92280
92282
92297
92298
92309
92311
92324
92327
92340
92344
92345
92371
92374
92379
92382
92385
92392
92406
92417
92433
92434
92437
92450
92471
92478
92488
92491
92504
92506
92509
92514
92518
92522
92528
92529
92531
92532
92543
92553
92558
92561
92571
92574
92578
92589
92604
92607
92612
92619
92625
92630
92636
92641
92648
92692
92708
92711
92713
92716
92718
92719
92726
92727
92731
92745
92746
92747
92753
92772
92776
92786
92795
92796
92799
92800
92827
92838
92839
92842
92854
92861
92868
92871
92875
92900
92913
92914
92917
92922
92936
92939
92945
92956
92970
92982
92992
93003
93005
93018
93029
93033
93038
93039
93042
93061
93070
93085
93090
93096
93101
93110
93119
93140
93141
93146
93160
93189
93194
93195
93197
93213
93215
93217
93222
93235
93247
93252
93261
93262
93283
93296
93310
93316
93321
93324
93326
93331
93355
93360
93370
93371
93377
93380
93410
93412
93440
93443
93447
93451
93453
93464
93477
93503
93508
93514
93522
93527
93540
93565
93572
93585
93595
93598
93606
93607
93623
93626
93638
93645
93660
93662
93668
93671
93673
93676
93686
93692
93697
93699
93702
93715
93725
93739
93777
93778
93783
93794
93796
93799
93809
93817
93820
93833
93835
93836
93838
93844
93847
93856
93858
93872
93876
93879
93880
93885
93910
93912
93919
93925
93950
93952
93954
93957
93958
93961
93969
93970
93975
93985
93992
94003
94004
94009
94011
94021
94023
94024
94036
94050
94056
94071
94081
94086
94088
94097
94099
94105
94109
94113
94117
94130
94131
94137
94143
94150
94152
94153
94177
94194
94217
94219
94231
94243
94250
94263
94268
94285
94287
94306
94310
94312
94318
94321
94327
94331
94336
94340
94368
94371
94375
94381
94388
94400
94403
94408
94418
94421
94427
94428
94441
94446
94454
94458
94475
94479
94488
94504
94512
94516
94526
94530
94551
94577
94579
94589
94591
94594
94613
94622
94636
94637
94642
94646
94652
94660
94663
94664
94678
94687
94689
94691
94703
94727
94731
94740
94746
94753
94767
94781
94793
94795
94799
94800
94806
94822
94824
94830
94844
94846
94848
94850
94852
94860
94868
94881
94894
94900
94911
94925
94926
94929
94930
94938
94942
94963
94965
94966
94967
94968
94972
94990
94995
94998
95005
95006
95022
95026
95055
95066
95079
95090
95096
95113
95115
95124
95126
95133
95137
95140
95143
95144
95158
95169
95171
95175
95176
95177
95185
95186
95188
95196
95201
95204
95212
95221
95225
95234
95245
95246
95265
95274
95277
95282
95284
95286
95287
95291
95298
95304
95313
95315
95320
95333
95335
95336
95343
95350
95353
95357
95369
95381
95393
95401
95411
95422
95424
95441
95443
95462
95469
95472
95475
95489
95500
95519
95532
95551
95574
95586
95603
95604
95610
95645
95654
95656
95664
95666
95671
95672
95676
95687
95694
95710
95713
95722
95729
95731
95741
95748
95763
95779
95792
95796
95797
95805
95806
95810
95813
95826
95855
95871
95898
95899
95915
95924
95926
95937
95952
95958
95965
95973
95975
95979
95986
95995
96005
96007
96028
96043
96052
96053
96055
96062
96069
96072
96077
96081
96082
96096
96099
96101
96125
96127
96147
96167
96180
96186
96187
96189
96190
96207
96214
96231
96236
96239
96245
96249
96253
96257
96273
96278
96296
96297
96314
96321
96322
96324
96345
96348
96358
96376
96393
96397
96405
96413
96414
96425
96426
96432
96435
96444
96461
96469
96487
96488
96489
96500
96504
96511
96515
96519
96522
96523
96527
96532
96535
96536
96550
96555
96558
96560
96572
96582
96585
96592
96600
96604
96613
96618
96620
96632
96661
96670
96671
96684
96685
96709
96710
96719
96722
96723
96731
96733
96737
96739
96745
96747
96751
96762
96763
96770
96774
96775
96783
96791
96810
96816
96817
96818
96826
96833
96837
96841
96854
96855
96864
96865
96866
96873
96882
96883
96900
96907
96909
96921
96942
96944
96948
96953
96954
96963
96964
96967
96982
96988
97001
97004
97010
97014
97017
97019
97042
97056
97058
97059
97070
97077
97082
97084
97105
97111
97120
97126
97130
97131
97136
97139
97140
97147
97148
97149
97159
97162
97166
97169
97170
97178
97185
97205
97214
97233
97238
97241
97246
97274
97290
97292
97315
97321
97356
97357
97376
97380
97381
97382
97394
97422
97447
97449
97464
97471
97472
97491
97496
97503
97521
97523
97526
97527
97528
97533
97535
97539
97543
97560
97580
97584
97587
97589
97600
97613
97614
97615
97616
97620
97632
97635
97642
97643
97664
97685
97692
97693
97709
97713
97716
97723
97738
97747
97754
97755
97767
97774
97788
97795
97801
97806
97811
97812
97831
97836
97864
97903
97909
97912
97913
97922
97928
97947
97958
97959
97962
97975
97989
98000
98002
98030
98039
98044
98046
98047
98063
98064
98071
98077
98088
98093
98114
98120
98123
98125
98140
98153
98154
98177
98185
98190
98202
98207
98213
98231
98235
98252
98254
98260
98264
98267
98280
98281
98308
98312
98317
98328
98340
98351
98362
98418
98423
98426
98433
98434
98441
98443
98457
98465
98467
98470
98471
98472
98483
98486
98489
98492
98496
98501
98502
98513
98515
98530
98535
98553
98558
98562
98569
98597
98599
98601
98613
98625
98628
98632
98659
98684
98692
98695
98706
98715
98717
98742
98751
98754
98755
98758
98762
98766
98807
98822
98828
98848
98861
98862
98865
98869
98877
98890
98905
98917
98926
98935
98941
98945
98947
98957
98958
98962
98971
98976
98977
98981
98993
99000
99003
99004
99012
99024
99030
99038
99055
99057
99070
99087
99102
99112
99113
99124
99126
99129
99130
99134
99136
99140
99144
99148
99151
99156
99161
99162
99166
99171
99175
99187
99194
99201
99202
99217
99222
99229
99232
99252
99253
99265
99273
99283
99293
99296
99303
99314
99318
99325
99328
99337
99338
99339
99340
99347
99358
99364
99367
99369
99383
99385
99395
99408
99448
99451
99453
99460
99463
99464
99470
99492
99507
99508
99513
99533
99545
99547
99550
99560
99572
99574
99575
99582
99583
99612
99617
99619
99624
99641
99645
99647
99664
99674
99685
99712
99718
99734
99753
99756
99786
99793
99804
99852
99854
99859
99867
99885
99886
99889
99890
99900
99915
99919
99924
99927
99929
99940
99950
99980
99989